%mand_s=2.52004e+07 kt02=7.44374 p_pdf=13200
%num_elements=4356
%num_sum_T_pp_A=66
%num_sum_T_pp_B=66

%sum_T_pp_A
0.01 0.0192308 0.0284615 0.0376923 0.0469231 0.0561538 0.0653846 0.0746154 0.0838462 0.0930769 0.102308 0.111538 0.120769 0.13 0.139231 0.148462 0.157692 0.166923 0.176154 0.185385 0.194615 0.203846 0.213077 0.222308 0.231538 0.240769 0.25 0.259231 0.268462 0.277692 0.286923 0.296154 0.305385 0.314615 0.323846 0.333077 0.342308 0.351538 0.360769 0.37 0.379231 0.388462 0.397692 0.406923 0.416154 0.425385 0.434615 0.443846 0.453077 0.462308 0.471538 0.480769 0.49 0.499231 0.508462 0.517692 0.526923 0.536154 0.545385 0.554615 0.563846 0.573077 0.582308 0.591538 0.600769 0.61 

%sum_T_pp_B
0.01 0.0192308 0.0284615 0.0376923 0.0469231 0.0561538 0.0653846 0.0746154 0.0838462 0.0930769 0.102308 0.111538 0.120769 0.13 0.139231 0.148462 0.157692 0.166923 0.176154 0.185385 0.194615 0.203846 0.213077 0.222308 0.231538 0.240769 0.25 0.259231 0.268462 0.277692 0.286923 0.296154 0.305385 0.314615 0.323846 0.333077 0.342308 0.351538 0.360769 0.37 0.379231 0.388462 0.397692 0.406923 0.416154 0.425385 0.434615 0.443846 0.453077 0.462308 0.471538 0.480769 0.49 0.499231 0.508462 0.517692 0.526923 0.536154 0.545385 0.554615 0.563846 0.573077 0.582308 0.591538 0.600769 0.61 

%sigma_jet_values
122.43 121.401 120.372 119.343 118.314 117.285 116.256 115.225 114.196 113.167 112.138 111.112 110.083 109.054 108.025 106.996 105.968 104.938 103.909 102.88 101.851 100.822 99.7932 98.766 97.7353 96.7064 95.6774 94.6485 93.6195 92.5909 91.5621 90.5334 89.5043 88.4753 87.4467 86.4178 85.3889 84.3601 83.3311 82.302 81.2732 80.2442 79.2151 78.1861 77.1571 76.1285 75.0983 74.0703 73.0418 72.0125 70.9833 69.9547 68.9257 67.8969 66.8678 65.8389 64.8098 63.7806 62.7522 61.7233 60.6944 59.6655 58.6366 57.6077 56.5788 55.5499 
121.401 120.376 119.35 118.323 117.298 116.273 115.247 114.225 113.199 112.174 111.149 110.125 109.099 108.074 107.049 106.023 104.999 103.973 102.948 101.923 100.898 99.8725 98.8473 97.822 96.7969 95.7726 94.7467 93.7215 92.6963 91.6714 90.6463 89.6213 88.5959 87.5706 86.5464 85.521 84.4958 83.4708 82.4455 81.4202 80.395 79.3699 78.3448 77.3197 76.2946 75.268 74.2443 73.2188 72.1936 71.1686 70.1433 69.1182 68.0932 67.0681 66.0427 65.0176 63.992 62.9672 61.9421 60.917 59.8919 58.8663 57.8415 56.8164 55.7914 54.7662 
120.369 119.348 118.327 117.307 116.287 115.265 114.244 113.222 112.201 111.18 110.158 109.137 108.116 107.094 106.072 105.052 104.03 103.008 101.987 100.966 99.9444 98.9228 97.9015 96.88 95.8593 94.8374 93.8158 92.7946 91.7732 90.7519 89.7308 88.7095 87.6878 86.6665 85.6458 84.624 83.6026 82.5812 81.5597 80.5382 79.5167 78.4957 77.4741 76.4527 75.4316 74.4101 73.3885 72.3674 71.3458 70.3244 69.3031 68.2817 67.2604 66.239 65.217 64.1958 63.1748 62.1549 61.1321 60.1117 59.09 58.0679 57.0466 56.0253 55.0039 53.9823 
119.343 118.325 117.307 116.29 115.272 114.255 113.238 112.22 111.202 110.185 109.167 108.15 107.132 106.114 105.096 104.079 103.062 102.044 101.026 100.008 98.991 97.9732 96.9556 95.9379 94.9203 93.9027 92.8852 91.8678 90.8502 89.8326 88.8156 87.7975 86.7796 85.7627 84.7531 83.7271 82.7095 81.6919 80.6741 79.6565 78.6389 77.6213 76.6037 75.5861 74.5679 73.5498 72.5311 71.5134 70.4957 69.4785 68.4627 67.4451 66.4275 65.4096 64.3923 63.3747 62.3572 61.341 60.3219 59.3044 58.2868 57.2691 56.2516 55.2339 54.2164 53.1989 
118.314 117.3 116.286 115.272 114.258 113.244 112.231 111.217 110.204 109.189 108.176 107.162 106.148 105.134 104.12 103.107 102.093 101.079 100.065 99.0511 98.0375 97.0234 96.0096 94.9958 93.9797 92.9659 91.9521 90.9384 89.9245 88.9107 87.897 86.8855 85.8715 84.8582 83.8442 82.8301 81.8158 80.8024 79.7884 78.7747 77.7609 76.7486 75.7334 74.7196 73.7054 72.6919 71.678 70.664 69.6506 68.6364 67.6226 66.6087 65.5948 64.5806 63.5672 62.5534 61.5396 60.5256 59.5118 58.4978 57.4841 56.47 55.4564 54.4426 53.429 52.4146 
117.285 116.273 115.265 114.252 113.241 112.232 111.221 110.212 109.202 108.193 107.182 106.172 105.162 104.154 103.144 102.134 101.124 100.114 99.1039 98.0939 97.084 96.0737 95.0637 94.0536 93.0436 92.0337 91.0237 90.0137 89.0036 87.9936 86.9837 85.9742 84.9633 83.9535 82.9433 81.9335 80.9234 79.9133 78.9031 77.893 76.8834 75.8732 74.863 73.8528 72.8427 71.8328 70.8227 69.8129 68.8026 67.7924 66.7825 65.7732 64.7621 63.7523 62.742 61.732 60.7219 59.7119 58.7019 57.6917 56.6816 55.6716 54.6617 53.6517 52.6413 51.631 
116.256 115.248 114.243 113.237 112.23 111.225 110.218 109.212 108.205 107.199 106.194 105.187 104.181 103.174 102.168 101.162 100.156 99.1491 98.1435 97.1367 96.1305 95.1244 94.1176 93.1114 92.1053 91.099 90.0928 89.0866 88.0803 87.0741 86.0683 85.0616 84.0552 83.0493 82.0427 81.0366 80.0303 79.0239 78.0176 77.0113 76.0051 74.9989 73.9923 72.9859 71.9799 70.9736 69.9667 68.9609 67.9546 66.9483 65.942 64.9358 63.9295 62.9233 61.9168 60.9104 59.9056 58.8979 57.8918 56.8853 55.8792 54.8729 53.8667 52.8604 51.8541 50.8474 
115.227 114.222 113.222 112.219 111.22 110.214 109.212 108.209 107.207 106.204 105.202 104.2 103.197 102.194 101.192 100.189 99.1869 98.1841 97.1817 96.1798 95.177 94.1743 93.1716 92.1689 91.1665 90.1641 89.1619 88.1592 87.157 86.1546 85.1523 84.1497 83.147 82.1448 81.1418 80.1396 79.1372 78.1343 77.1321 76.1295 75.1271 74.1246 73.1218 72.1194 71.1171 70.115 69.1119 68.1093 67.1067 66.1044 65.1018 64.0994 63.0969 62.0943 61.0917 60.089 59.0867 58.0843 57.0818 56.0793 55.0767 54.0742 53.0718 52.069 51.0667 50.0638 
114.199 113.197 112.201 111.202 110.203 109.205 108.206 107.207 106.208 105.21 104.211 103.212 102.213 101.214 100.216 99.2166 98.2182 97.2192 96.2206 95.2221 94.2238 93.2246 92.2259 91.227 90.2285 89.2299 88.2311 87.2324 86.2338 85.2353 84.2366 83.2378 82.2392 81.2404 80.2412 79.2427 78.2439 77.2452 76.2462 75.2477 74.2491 73.2504 72.2512 71.2528 70.2542 69.2555 68.2567 67.258 66.2589 65.2603 64.2616 63.2629 62.2642 61.2653 60.2665 59.268 58.2692 57.2704 56.2717 55.2729 54.2742 53.276 52.2767 51.2781 50.2793 49.2806 
113.169 112.172 111.179 110.184 109.189 108.194 107.199 106.204 105.21 104.215 103.22 102.225 101.23 100.234 99.2393 98.2447 97.2495 96.2542 95.2595 94.2646 93.27 92.2749 91.2802 90.2851 89.2902 88.2953 87.3004 86.3057 85.311 84.3155 83.3206 82.3256 81.3308 80.3359 79.3406 78.3458 77.3508 76.3559 75.3604 74.3659 73.371 72.3762 71.3813 70.3862 69.3913 68.3964 67.4014 66.4064 65.4112 64.4164 63.4214 62.4265 61.4314 60.4364 59.4413 58.4477 57.4516 56.4565 55.4616 54.4667 53.4717 52.4767 51.4818 50.4869 49.4919 48.4969 
112.141 111.147 110.158 109.167 108.176 107.185 106.193 105.203 104.211 103.219 102.228 101.237 100.246 99.2543 98.2633 97.2739 96.2815 95.2899 94.2989 93.3077 92.3166 91.3254 90.3342 89.3432 88.3518 87.3607 86.3696 85.3783 84.3871 83.3961 82.4051 81.414 80.4233 79.4311 78.4398 77.4488 76.4577 75.4666 74.4751 73.4838 72.4931 71.5018 70.5107 69.5195 68.5284 67.5371 66.546 65.5536 64.5634 63.5723 62.5811 61.59 60.5986 59.6075 58.6162 57.6251 56.634 55.6427 54.6514 53.6604 52.6692 51.678 50.6868 49.6956 48.7044 47.7133 
111.112 110.122 109.137 108.149 107.162 106.174 105.187 104.2 103.212 102.225 101.237 100.25 99.2624 98.2756 97.2875 96.3003 95.3127 94.3253 93.3378 92.3505 91.3632 90.3757 89.3883 88.4011 87.4135 86.4259 85.4386 84.4512 83.4637 82.4765 81.4892 80.502 79.515 78.5268 77.5393 76.5521 75.5648 74.5771 73.5897 72.6024 71.6151 70.6277 69.6403 68.6529 67.6654 66.678 65.6907 64.7034 63.7158 62.7285 61.7408 60.7534 59.7659 58.7785 57.791 56.8036 55.8162 54.8296 53.8413 52.8542 51.8667 50.879 49.8918 48.9044 47.917 46.9296 
110.083 109.097 108.119 107.132 106.148 105.164 104.181 103.197 102.213 101.23 100.246 99.2624 98.2787 97.2949 96.3112 95.3278 94.3437 93.3602 92.3766 91.3929 90.4116 89.4261 88.4431 87.4587 86.4751 85.4915 84.5079 83.5242 82.5405 81.5569 80.5734 79.5899 78.6067 77.623 76.6386 75.6552 74.6715 73.6878 72.704 71.7204 70.7371 69.7533 68.7698 67.7862 66.8025 65.8189 64.8359 63.8516 62.8677 61.8851 60.9007 59.917 58.9332 57.9496 56.9671 55.9822 54.9986 54.015 53.0312 52.0478 51.0641 50.0803 49.0971 48.1133 47.1296 46.146 
109.055 108.072 107.094 106.114 105.135 104.155 103.175 102.195 101.214 100.235 99.2546 98.2751 97.2948 96.3148 95.3349 94.3554 93.3751 92.3955 91.4159 90.4361 89.4562 88.4761 87.4962 86.5163 85.5383 84.5594 83.5773 82.5972 81.6174 80.6377 79.6578 78.6778 77.6983 76.7178 75.7381 74.7582 73.7781 72.7984 71.8191 70.8388 69.8591 68.8792 67.8995 66.9195 65.9397 64.9599 63.9795 63.0001 62.0201 61.0403 60.0603 59.0805 58.1005 57.1207 56.1407 55.1607 54.181 53.2011 52.2213 51.2415 50.2616 49.2817 48.3024 47.322 46.3421 45.3622 
108.025 107.047 106.074 105.097 104.121 103.144 102.168 101.192 100.215 99.2399 98.2632 97.2875 96.3111 95.335 94.3591 93.3832 92.4069 91.4311 90.4548 89.4787 88.5054 87.5264 86.5503 85.5743 84.5982 83.6222 82.6462 81.6733 80.6942 79.7181 78.742 77.7659 76.7902 75.8136 74.8376 73.8615 72.8854 71.9091 70.9331 69.957 68.981 68.0049 67.0285 66.0528 65.0768 64.1007 63.1246 62.1497 61.1723 60.1963 59.2202 58.2437 57.2679 56.2917 55.3155 54.3395 53.3635 52.3874 51.4113 50.4352 49.4588 48.4829 47.5067 46.5307 45.5547 44.5787 
106.996 106.021 105.051 104.079 103.107 102.134 101.162 100.189 99.2168 98.2447 97.2727 96.3002 95.3277 94.3554 93.383 92.4106 91.4387 90.4666 89.4938 88.5214 87.5492 86.5768 85.6045 84.6323 83.6599 82.6882 81.7152 80.7431 79.7711 78.8003 77.8262 76.8538 75.8818 74.9092 73.9367 72.9649 71.9926 71.0206 70.0476 69.0752 68.1031 67.1305 66.1583 65.1857 64.2138 63.2414 62.2692 61.2969 60.3246 59.3523 58.3799 57.4075 56.4352 55.4629 54.4903 53.5182 52.5456 51.5735 50.6013 49.629 48.6567 47.6843 46.712 45.7396 44.7674 43.795 
105.967 104.996 104.03 103.061 102.093 101.124 100.156 99.187 98.2182 97.2498 96.2811 95.3128 94.3437 93.3751 92.4068 91.438 90.4695 89.5012 88.5327 87.5642 86.5956 85.6271 84.6587 83.6901 82.7216 81.7531 80.7844 79.8159 78.8473 77.879 76.9103 75.9418 74.9732 74.0046 73.0359 72.0675 71.0994 70.1307 69.1619 68.1938 67.2251 66.2562 65.2879 64.3194 63.3505 62.3825 61.4139 60.4453 59.4768 58.5082 57.5395 56.5709 55.6026 54.6339 53.6654 52.6968 51.7284 50.7602 49.7912 48.8226 47.8541 46.8854 45.917 44.9485 43.98 43.0114 
104.937 103.97 103.009 102.044 101.079 100.114 99.149 98.1841 97.2195 96.2546 95.2901 94.3253 93.3603 92.3953 91.4307 90.4658 89.5011 88.5364 87.5717 86.6069 85.6422 84.6775 83.7127 82.7479 81.7831 80.8183 79.8535 78.8887 77.9241 76.9594 75.9944 75.0301 74.0649 73.1002 72.1355 71.1705 70.2061 69.2414 68.2764 67.3117 66.347 65.3821 64.4175 63.4527 62.4878 61.5229 60.5584 59.5938 58.6289 57.664 56.6992 55.7345 54.7697 53.805 52.8402 51.8754 50.9107 49.9459 48.981 48.0164 47.0517 46.0868 45.1221 44.1577 43.1924 42.2277 
103.909 102.946 101.986 101.025 100.064 99.1028 98.1425 97.1831 96.221 95.2596 94.2997 93.3377 92.3767 91.4157 90.4547 89.4936 88.5326 87.5717 86.6107 85.6498 84.6889 83.7278 82.7668 81.8058 80.8449 79.8844 78.9228 77.9617 77.0008 76.0399 75.0787 74.1181 73.1568 72.1961 71.2352 70.2736 69.3127 68.351 67.3911 66.4299 65.4688 64.508 63.547 62.586 61.6251 60.664 59.7031 58.7422 57.781 56.8199 55.859 54.898 53.9371 52.9758 52.015 51.054 50.0927 49.132 48.171 47.21 46.2491 45.288 44.327 43.366 42.4051 41.444 
102.88 101.921 100.966 100.008 99.0512 98.0939 97.1367 96.1787 95.221 94.2638 93.3068 92.3503 91.3931 90.4361 89.4786 88.5212 87.5639 86.6067 85.6498 84.6925 83.7354 82.7781 81.8209 80.8636 79.9064 78.9493 77.9919 77.0347 76.0776 75.1203 74.163 73.2065 72.2487 71.2914 70.3341 69.3767 68.4194 67.4626 66.5055 65.5485 64.5908 63.6337 62.6766 61.7193 60.7621 59.8049 58.8478 57.8904 56.9332 55.9761 55.0187 54.0615 53.1043 52.1469 51.1899 50.2324 49.2754 48.3183 47.3611 46.4037 45.447 44.4866 43.5319 42.5746 41.6177 40.6604 
101.739 100.896 99.9446 98.9911 98.0376 97.0841 96.1307 95.177 94.2237 93.2701 92.3168 91.3638 90.4085 89.4553 88.5026 87.5495 86.5953 85.6422 84.6889 83.7354 82.782 81.8285 80.8749 79.9214 78.968 78.0146 77.0612 76.1093 75.1542 74.2009 73.2475 72.2939 71.3405 70.387 69.4369 68.4799 67.5264 66.5733 65.6198 64.6664 63.7121 62.7594 61.8061 60.8527 59.8992 58.9459 57.9925 57.0388 56.0854 55.1319 54.1793 53.2242 52.2716 51.3182 50.3647 49.4112 48.4578 47.5044 46.5508 45.5973 44.644 43.6905 42.7371 41.7836 40.8306 39.8765 
100.822 99.8706 98.923 97.9733 97.0235 96.0738 95.1241 94.1743 93.2247 92.2753 91.3255 90.3757 89.4259 88.4764 87.5264 86.5758 85.626 84.6764 83.7279 82.7782 81.8285 80.8789 79.9291 78.9794 78.0297 77.0801 76.1305 75.1809 74.2313 73.2815 72.3322 71.3822 70.4323 69.4827 68.533 67.5832 66.6334 65.684 64.7343 63.7847 62.835 61.8854 60.9357 59.986 59.0363 58.0868 57.1371 56.1874 55.2377 54.288 53.3383 52.3885 51.4388 50.4892 49.5393 48.5898 47.6401 46.6906 45.7408 44.7911 43.8414 42.8918 41.9421 40.9924 40.0427 39.0931 
99.795 98.8454 97.9015 96.9557 96.0098 95.0637 94.1178 93.1718 92.2259 91.2802 90.3344 89.3883 88.4425 87.4965 86.5504 85.6046 84.6584 83.7134 82.7668 81.8199 80.874 79.929 78.9832 78.0372 77.0912 76.1455 75.1996 74.2538 73.308 72.3619 71.4168 70.4701 69.5241 68.5781 67.6324 66.6864 65.7403 64.7947 63.8491 62.9029 61.9571 61.0116 60.0652 59.1193 58.1735 57.2275 56.2816 55.3357 54.3899 53.4447 52.4981 51.552 50.6052 49.661 48.714 47.7685 46.8224 45.8767 44.9307 43.9848 43.0388 42.093 41.1471 40.2012 39.2553 38.3094 
98.7642 97.8201 96.88 95.938 94.9958 94.0536 93.1115 92.1691 91.2271 90.2872 89.343 88.401 87.4588 86.5165 85.5744 84.6323 83.69 82.748 81.8058 80.8635 79.9215 78.9793 78.0363 77.0952 76.153 75.2109 74.2687 73.3267 72.3847 71.4427 70.5006 69.5582 68.616 67.6739 66.7315 65.7895 64.8471 63.9052 62.9633 62.0212 61.0791 60.137 59.1949 58.2527 57.3106 56.3684 55.4263 54.4841 53.542 52.5999 51.6578 50.7155 49.7733 48.8312 47.8892 46.9471 46.0049 45.0628 44.1207 43.1785 42.2364 41.2943 40.3521 39.4101 38.4679 37.5257 
97.7353 96.797 95.8588 94.9205 93.982 93.0437 92.1055 91.1667 90.2285 89.2903 88.3519 87.4134 86.4751 85.5368 84.5982 83.66 82.7215 81.784 80.845 79.9064 78.9681 78.0296 77.0913 76.153 75.2138 74.2754 73.3378 72.3997 71.4617 70.5233 69.5846 68.6462 67.7079 66.7695 65.8311 64.8927 63.9547 63.016 62.078 61.1401 60.2011 59.2628 58.3244 57.3861 56.4476 55.5093 54.5714 53.6326 52.6942 51.7559 50.8175 49.879 48.9406 48.0015 47.064 46.1256 45.1873 44.2489 43.3106 42.3722 41.4339 40.4955 39.5572 38.6188 37.6803 36.7421 
96.7064 95.7718 94.8374 93.9028 92.9683 92.0337 91.0994 90.1642 89.2299 88.2953 87.3605 86.426 85.4914 84.5568 83.6222 82.6878 81.753 80.8185 79.884 78.9492 78.0147 77.0801 76.1455 75.2109 74.2764 73.3417 72.4072 71.4721 70.5373 69.603 68.6689 67.7344 66.7998 65.8652 64.9305 63.996 63.0616 62.1269 61.1924 60.2577 59.3231 58.3885 57.4543 56.5193 55.5847 54.6502 53.7156 52.781 51.8463 50.9118 49.9772 49.0427 48.108 47.1734 46.2389 45.3041 44.3696 43.435 42.5005 41.5659 40.6313 39.6968 38.7622 37.8276 36.893 35.9583 
95.6764 94.7467 93.816 92.8853 91.9546 91.0238 90.093 89.1621 88.2311 87.3002 86.3693 85.4387 84.5078 83.5771 82.6462 81.7153 80.7843 79.8535 78.923 77.9921 77.0613 76.1305 75.1997 74.2688 73.3379 72.4071 71.4766 70.5456 69.6148 68.6835 67.7532 66.8224 65.8917 64.9611 64.0302 63.0992 62.1684 61.2375 60.3067 59.3759 58.4451 57.5143 56.5834 55.6526 54.7217 53.791 52.8607 51.9294 50.9986 50.0677 49.137 48.2061 47.2753 46.3445 45.4137 44.4829 43.5521 42.6213 41.6905 40.7595 39.8287 38.8979 37.9671 37.0363 36.1056 35.1748 
94.6486 93.7215 92.7954 91.8677 90.9407 90.0137 89.0866 88.1594 87.2323 86.3055 85.3784 84.4513 83.5242 82.5971 81.6706 80.743 79.8157 78.8886 77.9617 77.0348 76.1079 75.1809 74.2538 73.3267 72.3996 71.473 70.5455 69.6185 68.6918 67.7651 66.8379 65.91 64.9837 64.0565 63.1294 62.2022 61.2753 60.3481 59.4209 58.4949 57.5672 56.6402 55.7129 54.7858 53.8588 52.9325 52.0047 51.0778 50.1508 49.2237 48.2964 47.3697 46.4426 45.5155 44.5885 43.6614 42.7344 41.8075 40.8803 39.9531 39.0263 38.0992 37.1722 36.2452 35.3182 34.3912 
93.6196 92.6963 91.7732 90.8501 89.927 89.0038 88.0805 87.1569 86.2336 85.3106 84.3872 83.4638 82.5405 81.6173 80.694 79.771 78.8471 77.924 77.0009 76.078 75.1544 74.2312 73.3079 72.3847 71.4621 70.5387 69.6152 68.6921 67.7689 66.8451 65.9221 64.9986 64.0752 63.1521 62.2286 61.3054 60.3822 59.459 58.5355 57.6086 56.6892 55.7658 54.8431 53.9192 52.9965 52.0727 51.1494 50.2262 49.3029 48.3797 47.4564 46.5332 45.6101 44.6868 43.7634 42.8401 41.9169 40.9935 40.0703 39.147 38.2238 37.3005 36.3772 35.454 34.5307 33.6073 
92.591 91.6715 90.7521 89.8327 88.9133 87.9937 87.0743 86.1547 85.2352 84.3156 83.3963 82.4766 81.557 80.6376 79.7181 78.7983 77.879 76.9597 76.0403 75.1209 74.2013 73.2818 72.3623 71.4428 70.523 69.6036 68.684 67.7649 66.8453 65.9257 65.0063 64.0867 63.1671 62.2476 61.3273 60.4086 59.4891 58.5703 57.6499 56.7306 55.8101 54.8915 53.9721 53.0532 52.133 51.2137 50.2941 49.3746 48.4552 47.5347 46.6162 45.6967 44.7772 43.8578 42.9384 42.0186 41.0985 40.1797 39.2603 38.3407 37.4213 36.5018 35.5822 34.6628 33.7433 32.8238 
91.5627 90.6468 89.7312 88.8156 87.9001 86.9842 86.0684 85.1527 84.237 83.3211 82.4056 81.4897 80.5738 79.658 78.7422 77.8264 76.9102 75.9942 75.0786 74.1629 73.2472 72.3318 71.416 70.5002 69.5846 68.6688 67.7532 66.8377 65.9219 65.0062 64.0905 63.1749 62.2591 61.3432 60.4273 59.5118 58.596 57.6802 56.7645 55.8488 54.9331 54.0174 53.1016 52.1861 51.2704 50.3546 49.4388 48.523 47.6068 46.6916 45.7759 44.8602 43.9445 43.0289 42.1131 41.1973 40.2816 39.3659 38.4502 37.5345 36.6188 35.703 34.7873 33.8716 32.9559 32.0401 
90.5338 89.6217 88.7092 87.7973 86.8855 85.9742 85.0619 84.1496 83.2378 82.3256 81.4137 80.502 79.5897 78.6778 77.7658 76.8538 75.9422 75.0299 74.1177 73.2059 72.2944 71.3821 70.4701 69.5581 68.6461 67.7343 66.8225 65.9104 64.9985 64.0867 63.175 62.2629 61.3508 60.4389 59.5267 58.615 57.703 56.7905 55.879 54.9673 54.0553 53.1432 52.2312 51.3193 50.4074 49.4954 48.5835 47.669 46.7595 45.8476 44.9357 44.0237 43.1118 42.1999 41.288 40.3759 39.4639 38.5519 37.6401 36.7281 35.8163 34.9043 33.9923 33.0803 32.1684 31.2564 
89.5043 88.5952 87.688 86.7799 85.8718 84.9636 84.0553 83.1473 82.239 81.3308 80.4231 79.5144 78.606 77.6978 76.7897 75.8814 74.9732 74.0655 73.1568 72.2488 71.3406 70.4324 69.5242 68.616 67.7069 66.7997 65.8917 64.9833 64.0751 63.167 62.2589 61.351 60.4426 59.5344 58.6263 57.7182 56.8101 55.9017 54.9929 54.0857 53.1776 52.2691 51.3608 50.4527 49.5444 48.6363 47.7281 46.82 45.9106 45.0036 44.0954 43.1873 42.279 41.3709 40.4629 39.5545 38.6465 37.7383 36.8301 35.9218 35.0137 34.1055 33.1973 32.2892 31.381 30.4729 
88.4743 87.5698 86.6667 85.7622 84.858 83.9533 83.049 82.1446 81.2398 80.3358 79.4312 78.527 77.6225 76.7181 75.8142 74.9092 74.0046 73.1003 72.1958 71.2915 70.3872 69.4827 68.5783 67.6739 66.7695 65.8653 64.9607 64.0563 63.1519 62.2475 61.3433 60.439 59.5347 58.63 57.7256 56.821 55.9169 55.0126 54.1081 53.2035 52.2992 51.3948 50.4903 49.586 48.6816 47.7774 46.873 45.9687 45.0642 44.1596 43.2552 42.3505 41.4463 40.542 39.6378 38.7331 37.8289 36.9245 36.0201 35.1156 34.2112 33.3065 32.4023 31.498 30.5936 29.6892 
87.4465 86.5459 85.6456 84.7437 83.8431 82.942 82.0428 81.1423 80.2414 79.3408 78.44 77.5395 76.6391 75.7384 74.8375 73.9366 73.036 72.1354 71.2353 70.3341 69.4336 68.5331 67.6325 66.7318 65.8314 64.9307 64.0299 63.1293 62.2288 61.3282 60.4274 59.5269 58.6263 57.7257 56.8251 55.9244 55.0241 54.1232 53.2226 52.3218 51.4214 50.5207 49.6199 48.7193 47.8187 46.9181 46.0175 45.1165 44.2162 43.3156 42.4149 41.5143 40.6136 39.7128 38.8124 37.9117 37.0113 36.1106 35.2101 34.3093 33.4087 32.508 31.6074 30.7067 29.8062 28.9055 
86.4177 85.5208 84.624 83.7273 82.8302 81.9333 81.0366 80.1384 79.2415 78.3447 77.4487 76.5521 75.6554 74.7586 73.8615 72.9646 72.0674 71.1706 70.2738 69.3768 68.4801 67.5838 66.6867 65.79 64.8932 63.9961 63.0992 62.2023 61.3054 60.4086 59.5118 58.6149 57.7182 56.8213 55.9249 55.0274 54.1307 53.2338 52.337 51.4401 50.5431 49.6464 48.7495 47.8527 46.9558 46.0588 45.1622 44.2652 43.3683 42.4716 41.5746 40.6778 39.7809 38.8841 37.9873 37.09 36.1935 35.2968 34.4 33.5031 32.6062 31.7093 30.8124 29.9156 29.0187 28.1219 
85.3887 84.4959 83.6025 82.7095 81.8159 80.9232 80.0302 79.1372 78.2438 77.3507 76.4577 75.5638 74.6705 73.7785 72.8855 71.9923 71.0989 70.2061 69.3129 68.4198 67.5268 66.6338 65.7407 64.8478 63.9546 63.0614 62.1684 61.2753 60.3822 59.4891 58.5959 57.7031 56.8102 55.9168 55.0238 54.1305 53.2349 52.3445 51.4514 50.5583 49.6652 48.7722 47.879 46.986 46.0929 45.1999 44.3067 43.4135 42.5205 41.6275 40.7345 39.8414 38.9482 38.055 37.1621 36.2689 35.3759 34.4828 33.5899 32.6966 31.8037 30.9106 30.0175 29.1244 28.2313 27.3382 
84.3598 83.4705 82.5812 81.6919 80.8025 79.9133 79.0239 78.1347 77.2451 76.3562 75.4657 74.5772 73.6881 72.7986 71.9085 71.0199 70.1306 69.2414 68.3521 67.4627 66.5732 65.6841 64.7949 63.9055 63.0162 62.1272 61.238 60.3483 59.4589 58.5702 57.6806 56.7909 55.9017 55.0124 54.1231 53.2337 52.3445 51.4553 50.5659 49.6766 48.7873 47.8979 47.0086 46.1189 45.23 44.3407 43.4513 42.562 41.6727 40.7834 39.8942 39.0048 38.1155 37.2262 36.3369 35.4476 34.5583 33.6688 32.7799 31.8904 31.0011 30.1118 29.2225 28.3332 27.4439 26.5546 
83.3308 82.4452 81.5597 80.6741 79.7886 78.9032 78.0176 77.1321 76.2464 75.3608 74.4753 73.5899 72.7044 71.8188 70.9332 70.0478 69.162 68.2756 67.3901 66.5054 65.6199 64.7345 63.8486 62.9633 62.0775 61.1923 60.3068 59.4215 58.5358 57.6503 56.7645 55.879 54.9935 54.1081 53.2225 52.3369 51.4514 50.5658 49.6805 48.7948 47.9093 47.0236 46.1381 45.2527 44.3671 43.4816 42.596 41.7105 40.825 39.9395 39.0539 38.1685 37.2829 36.3974 35.5117 34.6263 33.7408 32.8552 31.9697 31.0842 30.1987 29.3131 28.4275 27.5419 26.6565 25.771 
82.3021 81.4201 80.5383 79.6566 78.775 77.8932 77.0113 76.1297 75.2474 74.3659 73.4843 72.6026 71.7208 70.8387 69.957 69.0754 68.1935 67.3117 66.43 65.5483 64.6656 63.7848 62.9028 62.0213 61.1395 60.2576 59.3761 58.4943 57.6124 56.7307 55.8493 54.967 54.0854 53.2038 52.3219 51.4401 50.5584 49.6766 48.7948 47.9131 47.0315 46.1494 45.2678 44.3859 43.5034 42.6218 41.7406 40.8589 39.9771 39.0954 38.2135 37.3319 36.4497 35.5683 34.6866 33.8048 32.923 32.0413 31.1596 30.2778 29.3961 28.5143 27.6326 26.7508 25.8691 24.9872 
81.2732 80.395 79.5169 78.6392 77.7611 76.8831 76.0052 75.1272 74.249 73.3707 72.4928 71.615 70.7371 69.859 68.9814 68.103 67.2249 66.3471 65.4689 64.5909 63.7129 62.8352 61.9561 61.0782 60.2011 59.3233 58.4453 57.5671 56.6891 55.8112 54.9332 54.0551 53.1771 52.2993 51.4212 50.5435 49.6652 48.7873 47.9093 47.0313 46.1533 45.2753 44.3972 43.5193 42.6413 41.7633 40.8853 40.0073 39.1294 38.2513 37.3733 36.4953 35.6174 34.7394 33.8614 32.9835 32.1054 31.2275 30.3495 29.4715 28.5935 27.7155 26.8376 25.9595 25.0815 24.2036 
80.244 79.3689 78.4946 77.6212 76.7484 75.8728 74.9987 74.1245 73.2503 72.3761 71.5019 70.6276 69.7533 68.8791 68.0048 67.1307 66.2565 65.3823 64.508 63.6339 62.7592 61.8852 61.0111 60.1369 59.2628 58.3877 57.5143 56.6402 55.766 54.8917 54.0173 53.1431 52.269 51.3949 50.5206 49.6463 48.7722 47.8979 47.0237 46.1495 45.2754 44.4011 43.5267 42.6526 41.7784 40.9033 40.03 39.1561 38.2815 37.4073 36.533 35.6588 34.7847 33.9105 33.0362 32.162 31.2879 30.4135 29.5395 28.6653 27.7911 26.9166 26.0426 25.1684 24.2942 23.4199 
79.2143 78.3446 77.474 76.6032 75.733 74.8626 73.9922 73.1217 72.2515 71.3811 70.5107 69.6402 68.7698 67.899 67.0287 66.1583 65.2876 64.4177 63.5469 62.6765 61.806 60.9356 60.0656 59.1948 58.3243 57.4539 56.5835 55.7122 54.8425 53.9728 53.1023 52.2313 51.3608 50.4904 49.62 48.7495 47.8826 47.0087 46.1382 45.2677 44.3973 43.5269 42.6563 41.7857 40.9155 40.045 39.1747 38.3041 37.4336 36.5632 35.6928 34.8223 33.9519 33.0816 32.2111 31.3407 30.4702 29.5997 28.7293 27.8589 26.9885 26.118 25.2476 24.3772 23.5067 22.6363 
78.186 77.3193 76.4527 75.5857 74.7193 73.8527 72.986 72.1193 71.2528 70.3862 69.5194 68.6527 67.786 66.9194 66.0523 65.186 64.3193 63.4502 62.5859 61.7192 60.8527 59.9865 59.1198 58.2532 57.386 56.5193 55.6526 54.7859 53.9193 53.0526 52.1859 51.3193 50.4528 49.586 48.7193 47.8525 46.9859 46.1193 45.2526 44.3859 43.5193 42.6526 41.7857 40.9191 40.0526 39.1859 38.3192 37.4526 36.5859 35.7192 34.8525 33.9857 33.1192 32.2526 31.3858 30.5193 29.6526 28.7859 27.9193 27.0526 26.1859 25.3192 24.4524 23.5859 22.7193 21.8526 
77.1571 76.2942 75.4313 74.5681 73.7054 72.8426 71.9798 71.1168 70.254 69.3911 68.5282 67.6652 66.8025 65.9395 65.0767 64.2134 63.3508 62.4879 61.6251 60.7622 59.8991 59.0372 58.1733 57.3104 56.4476 55.5847 54.7218 53.8589 52.996 52.133 51.2693 50.4072 49.5445 48.6815 47.8161 46.9557 46.0929 45.2302 44.3671 43.5041 42.6413 41.7784 40.9154 40.0526 39.1897 38.3268 37.4638 36.601 35.7381 34.8752 34.0123 33.1494 32.2865 31.4235 30.5606 29.6978 28.835 27.9721 27.1092 26.2462 25.3834 24.5206 23.6576 22.7947 21.9318 21.0689 
76.1283 75.2692 74.41 73.5507 72.6922 71.8327 70.9735 70.1143 69.2553 68.3961 67.5371 66.6779 65.8187 64.9595 64.1006 63.2414 62.3823 61.5233 60.664 59.8048 58.9456 58.0864 57.2274 56.3682 55.5092 54.65 53.7909 52.9318 52.0727 51.2142 50.3545 49.4954 48.6355 47.7771 46.918 46.0588 45.1998 44.3407 43.4815 42.6225 41.7633 40.9042 40.045 39.1859 38.3267 37.4676 36.6085 35.7494 34.8906 34.0306 33.1721 32.3129 31.4539 30.5947 29.7356 28.8765 28.0173 27.1582 26.299 25.44 24.5809 23.7217 22.8626 22.0035 21.1444 20.2852 
75.0984 74.2433 73.3877 72.5325 71.6779 70.8225 69.9671 69.1118 68.2564 67.4011 66.5457 65.6904 64.835 63.9798 63.1245 62.2692 61.4133 60.5594 59.7029 58.8476 57.992 57.1368 56.2814 55.4261 54.5708 53.7155 52.8601 52.0048 51.1495 50.2941 49.4389 48.5835 47.7281 46.8727 46.0174 45.1619 44.3068 43.4514 42.5961 41.7409 40.8854 40.03 39.1746 38.3192 37.4639 36.6085 35.7531 34.8978 34.0425 33.1871 32.3318 31.4764 30.621 29.7657 28.9104 28.055 27.1998 26.3444 25.489 24.6336 23.7783 22.9229 22.0676 21.2123 20.357 19.5016 
74.0705 73.219 72.368 71.5155 70.6655 69.8125 68.9601 68.1083 67.257 66.4062 65.5548 64.7032 63.8515 62.9998 62.1483 61.2967 60.4452 59.5932 58.742 57.8903 57.0392 56.1872 55.3356 54.4841 53.6326 52.781 51.9295 51.0778 50.2262 49.3747 48.5231 47.6717 46.8199 45.9683 45.1168 44.2651 43.4135 42.5621 41.7105 40.8588 40.0073 39.1559 38.3042 37.4526 36.601 35.7493 34.8978 34.0463 33.1947 32.3431 31.4916 30.64 29.7884 28.9369 28.0853 27.2338 26.3822 25.5306 24.679 23.8274 22.9758 22.1242 21.2727 20.4211 19.5695 18.7179 
73.0415 72.1937 71.346 70.4978 69.65 68.8023 67.9546 67.1068 66.2591 65.4113 64.5628 63.715 62.867 62.02 61.1722 60.3245 59.4766 58.629 57.781 56.9331 56.0854 55.2375 54.3897 53.542 52.6941 51.8463 50.9985 50.1506 49.3028 48.4551 47.6073 46.7593 45.9118 45.0639 44.2161 43.3683 42.5198 41.6728 40.825 39.9772 39.1294 38.2815 37.4338 36.5859 35.7382 34.8903 34.0425 33.1947 32.3471 31.4991 30.6513 29.8035 28.9557 28.1079 27.2602 26.4123 25.5646 24.7167 23.8688 23.0211 22.1732 21.3255 20.4777 19.6299 18.7821 17.9343 
72.0126 71.1682 70.3244 69.4802 68.6365 67.7922 66.9483 66.1044 65.2604 64.4162 63.5723 62.7282 61.8841 61.0401 60.1951 59.3513 58.5081 57.664 56.8199 55.9758 55.1319 54.2879 53.4438 52.5997 51.7557 50.9116 50.0677 49.2237 48.3797 47.5356 46.6917 45.8476 45.0033 44.1595 43.3155 42.4715 41.6274 40.7834 39.9395 39.0954 38.2514 37.4073 36.5633 35.7193 34.8753 34.0312 33.1872 32.3431 31.4991 30.655 29.811 28.967 28.123 27.279 26.4349 25.5909 24.7469 23.9029 23.0588 22.2148 21.3708 20.5267 19.6827 18.8387 17.9946 17.1506 
70.9834 70.1435 69.3029 68.4627 67.6225 66.7825 65.9421 65.1017 64.2615 63.4214 62.581 61.7407 60.9004 60.0602 59.22 58.3797 57.5395 56.6993 55.8583 55.0181 54.1784 53.3382 52.4979 51.6575 50.8174 49.9771 49.1368 48.2966 47.4565 46.6162 45.7759 44.9357 44.0954 43.2551 42.4149 41.5746 40.7343 39.8941 39.0539 38.2135 37.3734 36.5331 35.6928 34.8526 34.0124 33.1721 32.3318 31.4916 30.6513 29.8111 28.9708 28.1305 27.2903 26.45 25.6098 24.7695 23.9293 23.089 22.2488 21.4086 20.5682 19.728 18.8877 18.0475 17.2072 16.367 
69.9563 69.1182 68.2816 67.445 66.6086 65.7722 64.9356 64.0992 63.2628 62.4239 61.5898 60.7533 59.9168 59.0804 58.2439 57.4074 56.5708 55.7344 54.8975 54.0617 53.225 52.3878 51.552 50.7155 49.8792 49.0425 48.2061 47.3696 46.5332 45.6967 44.8603 44.0238 43.1871 42.3507 41.5142 40.6778 39.8412 39.0048 38.1683 37.3318 36.4953 35.659 34.8224 33.986 33.1495 32.313 31.4764 30.64 29.8035 28.9671 28.1305 27.294 26.4571 25.6211 24.7846 23.9483 23.1117 22.2752 21.4387 20.6023 19.7657 18.9292 18.0928 17.2563 16.4198 15.5833 
68.9258 68.093 67.2604 66.4276 65.5949 64.7622 63.9294 63.0967 62.2641 61.4314 60.5986 59.766 58.9331 58.1004 57.2677 56.435 55.6024 54.7694 53.9377 53.1043 52.2716 51.4388 50.6061 49.7734 48.9406 48.1079 47.2752 46.4426 45.6099 44.7772 43.9446 43.1117 42.279 41.4463 40.6136 39.7809 38.9482 38.1155 37.2828 36.45 35.6174 34.7847 33.952 33.1192 32.2866 31.4539 30.6211 29.7883 28.9556 28.123 27.2903 26.4575 25.6249 24.7921 23.9594 23.1268 22.2942 21.4613 20.6286 19.7963 18.9632 18.1305 17.2977 16.4651 15.6323 14.7996 
67.8967 67.0679 66.2391 65.4101 64.5811 63.7521 62.9231 62.0942 61.2651 60.4362 59.6073 58.7783 57.9497 57.1207 56.2917 55.4627 54.6337 53.8046 52.9759 52.147 51.318 50.4892 49.6603 48.8313 48.0023 47.1733 46.3446 45.5156 44.6867 43.8577 43.0289 42.1998 41.3708 40.5419 39.7127 38.884 38.0551 37.2261 36.3973 35.5683 34.7394 33.9105 33.0815 32.2526 31.4237 30.5947 29.7657 28.9368 28.1079 27.2788 26.45 25.6209 24.7922 23.9631 23.1342 22.3054 21.4765 20.6475 19.8186 18.9896 18.1608 17.3317 16.5028 15.6739 14.8449 14.016 
66.8678 66.0426 65.2176 64.3926 63.5675 62.7422 61.9169 61.0918 60.2667 59.4415 58.6164 57.7911 56.9657 56.1406 55.3157 54.4903 53.6657 52.8398 52.0149 51.1898 50.3647 49.5395 48.7144 47.8893 47.064 46.2388 45.4138 44.5886 43.7634 42.9383 42.113 41.2878 40.4627 39.6375 38.8123 37.9873 37.162 36.3367 35.5117 34.6866 33.8614 33.0363 32.2111 31.3859 30.5606 29.7356 28.9104 28.085 27.2601 26.435 25.6098 24.7846 23.9595 23.1343 22.3091 21.484 20.6588 19.8336 19.0085 18.1833 17.3581 16.5329 15.7078 14.8828 14.0575 13.2323 
65.839 65.0175 64.1962 63.3749 62.5534 61.732 60.9106 60.0892 59.2679 58.4465 57.6225 56.8036 55.9823 55.161 54.3397 53.5203 52.6964 51.8751 51.0538 50.2324 49.4106 48.5897 47.7683 46.947 46.1257 45.3046 44.483 43.6616 42.8401 42.0186 41.1973 40.3759 39.5545 38.7331 37.9117 37.09 36.2689 35.4475 34.6261 33.8046 32.9835 32.162 31.3406 30.5193 29.6979 28.8765 28.0552 27.2337 26.4123 25.5909 24.7695 23.9482 23.1268 22.3054 21.4839 20.6626 19.8412 19.0198 18.1984 17.377 16.5556 15.7342 14.9128 14.0914 13.27 12.4486 
64.81 63.9924 63.1748 62.3572 61.5395 60.7221 59.9044 59.0867 58.2692 57.4522 56.6338 55.8162 54.9987 54.1811 53.3635 52.5458 51.7282 50.9105 50.0927 49.2752 48.4577 47.6401 46.8225 46.0049 45.1873 44.3697 43.5521 42.7346 41.9167 41.0991 40.2815 39.4639 38.6463 37.8287 37.0111 36.1935 35.3759 34.5582 33.7406 32.9228 32.1055 31.2879 30.47 29.6526 28.8349 28.0173 27.1997 26.3821 25.5645 24.747 23.9293 23.1117 22.2941 21.4764 20.6583 19.8412 19.0236 18.206 17.3883 16.5707 15.7531 14.9355 14.1178 13.3002 12.4826 11.665 
63.7814 62.9673 62.1536 61.3397 60.5256 59.7119 58.8981 58.0843 57.2718 56.4565 55.6427 54.8288 54.0151 53.2014 52.3874 51.5736 50.7591 49.9459 49.1316 48.3181 47.504 46.6903 45.8766 45.0628 44.2489 43.4351 42.6213 41.8076 40.9937 40.18 39.3658 38.552 37.7382 36.9244 36.1104 35.2967 34.4828 33.6688 32.8551 32.0412 31.2274 30.4136 29.5997 28.7859 27.972 27.1576 26.3444 25.5305 24.7167 23.9029 23.0894 12.8369 21.4613 20.6475 19.8336 19.0198 18.2059 17.3921 16.5783 15.7644 14.9506 14.1367 13.3229 12.509 11.6952 10.8814 
62.7523 61.9422 61.1322 60.3221 59.5118 58.7018 57.8918 57.0818 56.2717 55.4616 54.6516 53.8415 53.0315 52.2214 51.4113 50.6012 49.7913 48.9815 48.1709 47.361 46.5508 45.7406 44.9306 44.1205 43.3107 42.5006 41.6905 40.8804 40.0702 39.2601 38.4501 37.6401 36.8298 36.02 35.2099 34.3998 33.5897 32.7796 31.9695 31.1594 30.3494 29.5393 28.7293 27.9192 27.1091 26.2991 25.489 24.6789 23.8689 23.0588 22.2488 21.4387 20.6286 19.8185 19.0085 18.1984 17.3883 16.5783 15.7682 14.9581 14.148 13.3379 12.5279 11.7178 10.9077 10.0977 
61.7237 60.9173 60.1107 59.306 58.4979 57.6918 56.8867 56.0793 55.273 54.4667 53.6603 52.8515 52.0478 51.2415 50.4351 49.6288 48.8224 48.0167 47.21 46.4037 45.5975 44.7911 43.9849 43.1786 42.3723 41.5658 40.7598 39.9534 39.147 38.3407 37.5344 36.7281 35.9217 35.1156 34.3093 33.503 32.6966 31.8903 31.084 30.2778 29.4714 28.6652 27.8589 27.0526 26.2462 25.44 24.6336 23.8273 23.0211 22.2148 21.4085 20.6021 19.7959 18.9896 18.1833 17.377 16.5707 15.7644 14.9581 14.1518 13.3455 12.5392 11.7329 10.9266 10.1203 9.31401 
60.6944 59.8919 59.09 58.2868 57.4842 56.6818 55.8793 55.0806 54.2742 53.4718 52.6692 51.8667 51.0641 50.2615 49.4588 48.6566 47.8543 47.0516 46.249 45.4464 44.644 43.8416 43.0391 42.2364 41.434 40.6314 39.8288 39.0264 38.2238 37.4213 36.6187 35.8162 35.0137 34.2112 33.4086 32.6061 31.8036 31.0011 30.1985 29.396 28.5934 27.791 26.9885 26.1859 25.3833 24.5809 23.7783 22.9758 22.1732 21.3708 20.5682 19.7658 18.9632 18.1607 17.3581 16.5557 15.7531 14.9506 14.148 13.3455 12.543 11.7405 10.9379 10.1354 9.33287 8.53035 
59.6655 58.8664 58.068 57.2692 56.4703 55.6717 54.873 54.0742 53.2755 52.4764 51.678 50.8791 50.0805 49.2816 48.483 47.6842 46.8855 46.0868 45.288 44.4892 43.6905 42.8918 42.0932 41.2943 40.4956 39.6968 38.8979 38.0993 37.3005 36.5017 35.7027 34.9042 34.1054 33.3067 32.5086 31.7093 30.9105 30.1116 29.3129 28.5142 27.7155 26.9169 26.118 25.3193 24.5205 23.7218 22.923 22.1242 21.3254 20.5267 19.728 18.9292 18.1305 17.3317 16.533 15.7342 14.9355 14.1367 13.3378 12.5392 11.7405 10.9417 10.1429 9.3442 8.54545 7.74669 
58.6366 57.8416 57.0466 56.2516 55.4564 54.6617 53.8666 53.0716 52.2768 51.4818 50.6868 49.8919 49.0968 48.3015 47.507 46.712 45.9172 45.1219 44.327 43.5321 42.7372 41.9422 41.1472 40.3523 39.5572 38.7622 37.9673 37.1722 36.3774 35.5822 34.7872 33.9923 33.197 32.4023 31.6073 30.8123 30.0175 29.2224 28.4274 27.6325 26.8375 26.0426 25.2476 24.4526 23.6576 22.8627 22.0677 21.2727 20.4777 19.6827 18.8877 18.0928 17.2978 16.5028 15.7078 14.9128 14.1179 13.3228 12.5279 11.7329 10.9379 10.143 9.348 8.55299 7.758 6.96303 
57.6077 56.8165 56.0253 55.2341 54.4429 53.6516 52.8603 52.0692 51.2779 50.4868 49.6956 48.9045 48.1104 47.3219 46.5308 45.7396 44.9484 44.1569 43.3664 42.5749 41.7837 40.9924 40.2011 39.4099 38.6187 37.8275 37.0364 36.2452 35.454 34.6628 33.8716 33.0804 32.2892 31.4979 30.7064 29.9155 29.1243 28.3332 27.5419 26.7508 25.9595 25.1683 24.3772 23.5859 22.7947 22.0035 21.2123 20.4211 19.6299 18.8381 18.0474 17.2562 16.4651 15.6739 14.8827 14.0915 13.3002 12.509 11.7178 10.9266 10.1354 9.3442 8.55299 7.76179 6.97058 6.1794 
56.577 55.7913 55.0038 54.2165 53.4291 52.6415 51.8542 51.0668 50.2794 49.492 48.7045 47.9171 47.1296 46.3417 45.5548 44.7674 43.9799 43.1925 42.4051 41.6176 40.8302 40.0428 39.2553 38.4679 37.6805 36.893 36.1056 35.3182 34.5308 33.7433 32.9559 32.1684 31.381 30.5935 29.8062 29.0187 28.231 27.4438 26.6564 25.869 25.0815 24.2941 23.5065 22.7193 21.9318 21.1444 20.357 19.5696 18.7821 17.9946 17.2072 16.4198 15.6324 14.8449 14.0575 13.2701 12.4826 11.6952 10.9078 10.1203 9.33291 8.54545 7.75802 6.97058 6.18314 5.39571 
55.5482 54.7657 53.9819 53.1984 52.4149 51.631 50.848 50.0639 49.2804 48.497 47.7133 46.9297 46.146 45.3623 44.5787 43.795 43.0115 42.2276 41.4442 40.6605 39.8768 39.093 38.3093 37.5257 36.742 35.9584 35.1748 34.3911 33.6075 32.8238 32.0402 31.2565 30.4729 29.6892 28.9055 28.1219 27.3382 26.5545 25.7706 24.9872 24.2036 23.4199 22.6362 21.8526 21.0689 20.2853 19.5016 18.718 17.9343 17.1506 16.3669 15.5833 14.7996 14.016 13.2323 12.4487 11.665 10.8814 10.0977 9.31401 8.53034 7.74668 6.96303 6.17918 5.3957 4.61205 
