///Total count: 1388643
///underflow: 0 0
///overflow: 0 0
///y bin walls:  -7.5 -7 -6.5 -6 -5.5 -5 -4.5 -4 -3.5 -3 -2.5 -2 -1.5 -1 -0.5 0 0.5 1 1.5 2 2.5 3 3.5 4 4.5 5 5.5 6 6.5 7 7.5 
2.72832 3.83782 0 0.000161827 0.0220084 0.215553 0.794406 1.6427 2.70266 3.87332 5.24447 6.73425 8.1724 9.53935 10.7116 11.501 11.9646 12.0174 11.562 10.7972 9.52932 8.06333 6.69913 5.21632 3.93514 2.74231 1.65079 0.777415 0.233354 0.0211993 0.000323653 0 
3.83782 5.3985 0 0 0.000460173 0.0184069 0.111822 0.32097 0.592587 0.966823 1.33024 1.69182 2.13359 2.50506 2.8556 3.08902 3.18232 3.22029 3.08431 2.82143 2.49172 2.08389 1.70011 1.31264 0.942549 0.595348 0.318324 0.111017 0.0141503 0 0 0 
5.3985 7.59385 0 0 0 0.000736062 0.0101413 0.0497251 0.116625 0.195629 0.310455 0.403444 0.519496 0.612894 0.706374 0.760025 0.808196 0.796255 0.761988 0.692471 0.601772 0.510336 0.414566 0.302849 0.212149 0.114499 0.0490708 0.0102231 0.000163569 0 0 0 
7.59385 10.682 0 0 0 0 0.00052327 0.00459314 0.0172679 0.0393034 0.0656994 0.086979 0.117852 0.138143 0.163783 0.175295 0.190005 0.189656 0.181516 0.16233 0.141748 0.115701 0.0891302 0.0653506 0.0395359 0.0201749 0.00558154 0.000290705 0 0 0 0 
10.682 15.0259 0 0 0 0 0 0.000330662 0.00173597 0.00570392 0.0119452 0.0176904 0.0250063 0.0321155 0.0363315 0.0397207 0.0436887 0.0426967 0.0397207 0.0357528 0.0312889 0.0252956 0.0188064 0.0114492 0.00715056 0.00123998 0.000247996 0 0 0 0 0 
15.0259 21.1363 0 0 0 0 0 0 0.000293836 0.000763974 0.00182178 0.0032322 0.00567104 0.0057298 0.00693453 0.00781604 0.00905015 0.00855063 0.00758097 0.00775727 0.00646439 0.00455446 0.00308528 0.00167487 0.00073459 0.000146918 2.93836e-05 0 0 0 0 0 
21.1363 29.7316 0 0 0 0 0 0 0 0.000125334 0.000292445 0.000689335 0.00102356 0.001128 0.00177556 0.00139956 0.00154578 0.00188 0.00152489 0.00123245 0.00152489 0.000877335 0.000564001 0.000167111 2.08889e-05 0 0 0 0 0 0 0 
29.7316 41.8222 0 0 0 0 0 0 0 0 0 2.97001e-05 0.00016335 0.0001782 0.000311851 0.000282151 0.000356401 0.000341551 0.000371251 0.00025245 0.000282151 0.00013365 5.94001e-05 2.97001e-05 1.485e-05 0 0 0 0 0 0 0 
41.8222 58.8296 0 0 0 0 0 0 0 0 0 1.05569e-05 1.05569e-05 3.16708e-05 5.27847e-05 7.38986e-05 4.22278e-05 6.33417e-05 9.50125e-05 5.27847e-05 4.22278e-05 3.16708e-05 1.05569e-05 0 0 0 0 0 0 0 0 0 
58.8296 82.7532 0 0 0 0 0 0 0 0 0 0 0 0 0 7.50498e-06 1.501e-05 1.501e-05 7.50498e-06 0 0 7.50498e-06 0 0 0 0 0 0 0 0 0 0 
82.7532 116.406 0 0 0 0 0 0 0 0 0 0 0 0 0 0 5.33532e-06 0 0 0 0 0 0 0 0 0 0 0 0 0 0 0 
116.406 163.743 0 0 0 0 0 0 0 0 0 0 0 0 0 0 0 0 0 0 0 0 0 0 0 0 0 0 0 0 0 0 
163.743 230.33 0 0 0 0 0 0 0 0 0 0 0 0 0 0 0 0 0 0 0 0 0 0 0 0 0 0 0 0 0 0 
230.33 323.996 0 0 0 0 0 0 0 0 0 0 0 0 0 0 0 0 0 0 0 0 0 0 0 0 0 0 0 0 0 0 
323.996 455.753 0 0 0 0 0 0 0 0 0 0 0 0 0 0 0 0 0 0 0 0 0 0 0 0 0 0 0 0 0 0 
455.753 641.089 0 0 0 0 0 0 0 0 0 0 0 0 0 0 0 0 0 0 0 0 0 0 0 0 0 0 0 0 0 0 
641.089 901.793 0 0 0 0 0 0 0 0 0 0 0 0 0 0 0 0 0 0 0 0 0 0 0 0 0 0 0 0 0 0 
901.793 1268.52 0 0 0 0 0 0 0 0 0 0 0 0 0 0 0 0 0 0 0 0 0 0 0 0 0 0 0 0 0 0 
1268.52 1784.37 0 0 0 0 0 0 0 0 0 0 0 0 0 0 0 0 0 0 0 0 0 0 0 0 0 0 0 0 0 0 
1784.37 2510 0 0 0 0 0 0 0 0 0 0 0 0 0 0 0 0 0 0 0 0 0 0 0 0 0 0 0 0 0 0 
