%mand_s=2.52004e+07 kt02=7.44374 p_pdf=13200
%num_elements=112
%num_sum_1=4
%num_sum_2=4
%num_sum_3=7
%num_T_AA(0)=1
%num_T_BB(0)=1

%sum_1
0 1.2 2.4 3.6 

%sum_2
0 1.2 2.4 3.6 

%sum_3
0 1.46667 2.93333 4.4 5.86667 7.33333 8.8 

%T_AA(0)
30.5 

%T_BB(0)
30.5 

%sigma_jet_values
124.664 

185.626 

246.589 

307.553 

368.512 

429.477 

490.442 


-5.442 

55.5212 

116.484 

177.447 

238.41 

299.373 

360.335 


-135.547 

-74.5844 

-13.6213 

47.3417 

108.305 

169.268 

230.231 


-265.652 

-204.69 

-143.727 

-82.7638 

-21.8007 

39.1624 

100.125 



-5.442 

55.5209 

116.484 

177.447 

238.408 

299.37 

360.336 


-135.547 

-74.5845 

-13.6214 

47.3417 

108.304 

169.268 

230.231 


-265.652 

-204.69 

-143.727 

-82.7638 

-21.8007 

39.1624 

100.125 


-395.758 

-334.795 

-273.833 

-212.869 

-151.906 

-90.9432 

-29.9801 



-135.547 

-74.5848 

-13.6214 

47.3418 

108.305 

169.268 

230.23 


-265.67 

-204.69 

-143.727 

-82.7637 

-21.8007 

39.1624 

100.125 


-395.757 

-334.795 

-273.833 

-212.87 

-151.906 

-90.943 

-29.9801 


-525.863 

-464.902 

-403.939 

-342.976 

-282.012 

-221.048 

-160.085 



-265.653 

-204.69 

-143.727 

-82.7639 

-21.8007 

39.1624 

100.125 


-395.758 

-334.795 

-273.834 

-212.869 

-151.906 

-90.9431 

-29.98 


-525.864 

-464.9 

-403.939 

-342.973 

-282.011 

-221.049 

-160.085 


-655.966 

-595.005 

-534.041 

-473.082 

-412.117 

-351.154 

-290.191 



