%mand_s=2.52004e+07 kt02=7.44374 p_pdf=13200
%num_elements=4225
%num_sum_T_pp_A=13
%num_sum_T_pp_B=13
%num_T_AA(0)=5
%num_T_BB(0)=5

%sum_T_pp_A
0.03411 0.0821008 0.130092 0.178083 0.226073 0.274064 0.322055 0.370046 0.418037 0.466028 0.514018 0.562009 0.61 

%sum_T_pp_B
0.03411 0.0821008 0.130092 0.178083 0.226073 0.274064 0.322055 0.370046 0.418037 0.466028 0.514018 0.562009 0.61 

%T_AA(0)
30 34 38 42 46 

%T_BB(0)
30 34 38 42 46 

%sigma_jet_values
468.775 470.521 471.9 473.016 473.937 
470.522 472.27 473.651 474.768 475.691 
471.9 473.651 475.033 476.152 477.075 
473.016 474.769 476.152 477.271 478.196 
473.938 475.691 477.076 478.196 479.122 

447.897 452.098 455.419 458.102 460.32 
449.61 453.82 457.141 459.831 462.053 
450.961 455.178 458.503 461.195 463.42 
452.056 456.277 459.605 462.3 464.528 
452.96 457.183 460.516 463.213 465.443 

427.018 433.678 438.932 443.188 446.703 
428.697 435.368 440.63 444.893 448.415 
430.023 436.7 441.971 446.239 449.766 
431.097 437.78 443.057 447.329 450.858 
431.983 438.673 443.956 448.231 451.762 

406.139 415.254 422.45 428.275 433.089 
407.786 416.915 424.122 429.957 434.778 
409.085 418.227 425.443 431.284 436.11 
410.137 419.288 426.511 432.361 437.189 
411.006 420.165 427.394 433.248 438.081 

385.261 396.831 405.966 413.362 419.471 
386.874 398.463 407.613 415.02 421.139 
388.148 399.752 408.912 416.329 422.455 
389.18 400.794 409.964 417.389 423.521 
390.031 401.656 410.833 418.264 424.402 

364.382 378.409 389.483 398.449 405.854 
365.963 380.012 391.104 400.083 407.5 
367.21 381.277 392.383 401.374 408.799 
368.22 382.301 393.418 402.418 409.851 
369.054 383.148 394.273 403.287 410.72 

343.505 359.988 373.001 383.535 392.238 
345.052 361.561 374.594 385.146 393.863 
346.275 362.803 375.853 386.417 395.143 
347.263 363.808 376.872 387.447 396.182 
348.079 364.638 377.713 388.298 397.039 

322.625 341.567 356.519 368.622 378.621 
324.139 343.11 358.086 370.211 380.224 
325.335 344.331 359.324 371.454 381.49 
326.303 345.317 360.326 372.478 382.514 
327.103 346.132 361.153 373.316 383.36 

301.747 323.143 340.036 353.711 365.005 
303.229 324.658 341.578 355.273 366.586 
304.397 325.854 342.796 356.507 367.835 
305.344 326.823 343.781 357.506 368.845 
306.126 327.623 344.594 358.336 369.68 

280.87 304.721 323.552 338.798 351.391 
282.32 306.207 325.067 340.337 352.95 
283.462 307.379 326.272 341.552 354.181 
284.387 308.329 327.233 342.538 355.178 
285.151 309.113 328.034 343.35 356.001 

259.991 286.3 307.068 323.883 337.773 
261.406 287.756 308.558 325.399 339.312 
262.523 288.906 309.734 326.604 340.526 
263.427 289.836 310.686 327.565 341.51 
264.174 290.605 311.472 328.366 342.321 

239.112 267.877 290.586 308.969 324.156 
240.494 269.305 292.051 310.459 325.672 
241.585 270.432 293.207 311.638 326.87 
242.467 271.344 294.142 312.592 327.839 
243.197 272.098 294.914 313.38 328.641 

218.233 249.456 274.103 294.057 310.537 
219.582 250.854 275.541 295.525 312.032 
220.647 251.958 276.677 296.684 313.214 
221.509 252.852 277.594 297.623 314.169 
222.221 253.591 278.353 298.399 314.959 


447.897 449.61 450.964 452.058 452.96 
452.101 453.817 455.175 456.273 457.182 
455.415 457.14 458.502 459.604 460.515 
458.101 459.83 461.195 462.3 463.213 
460.32 462.053 463.42 464.528 465.442 

427.408 431.535 434.789 437.425 439.602 
431.535 435.673 438.941 441.588 443.771 
434.789 438.944 442.218 444.871 447.063 
437.428 441.586 444.871 447.532 449.728 
439.601 443.771 447.063 449.728 451.932 

406.931 413.462 418.62 422.795 426.244 
410.973 417.531 422.709 426.902 430.36 
414.166 420.743 425.936 430.14 433.611 
416.749 423.343 428.549 432.762 436.243 
418.884 425.491 430.707 434.928 438.42 

386.448 395.396 402.45 408.165 412.888 
390.411 399.388 406.475 412.211 416.951 
393.54 402.544 409.653 415.408 420.161 
396.074 405.099 412.225 417.994 422.76 
398.173 407.21 414.351 420.131 424.907 

365.965 377.317 386.279 393.534 399.527 
369.849 381.244 390.241 397.525 403.541 
372.915 384.345 393.37 400.674 406.71 
375.396 386.854 395.903 403.225 409.275 
377.447 388.929 398.002 405.332 411.394 

345.483 359.244 370.108 378.903 386.168 
349.287 363.101 374.009 382.835 390.131 
352.29 366.147 377.087 385.942 393.259 
354.721 368.613 379.578 388.456 395.792 
356.729 370.648 381.637 390.533 397.89 

325.001 341.172 353.938 364.273 372.81 
328.725 344.959 357.774 368.149 376.72 
331.665 347.949 360.803 371.211 379.807 
334.045 350.369 363.258 373.688 382.306 
336.012 352.368 365.283 375.735 384.37 

304.517 323.099 337.768 349.643 359.451 
308.162 326.816 341.542 353.463 363.31 
311.039 329.75 344.522 356.479 366.356 
313.368 332.125 346.933 358.919 368.822 
315.293 334.088 348.925 360.936 370.859 

284.035 305.025 321.599 335.014 346.094 
287.6 308.672 325.308 338.778 349.9 
290.414 311.551 328.238 342.169 352.905 
292.692 313.881 330.61 344.152 355.337 
294.574 315.806 332.569 346.139 357.347 

263.552 286.952 305.426 320.385 332.738 
267.037 290.528 309.075 324.09 336.493 
269.791 293.352 311.955 327.014 339.456 
272.017 295.637 314.286 329.383 341.856 
273.858 297.525 316.212 331.34 343.838 

243.07 268.882 289.256 305.751 319.379 
246.476 272.386 292.841 309.401 323.081 
249.165 275.152 295.671 312.281 326.003 
251.341 277.395 297.962 314.614 328.369 
253.139 279.245 299.855 316.54 330.324 

222.587 250.807 273.085 291.121 306.019 
225.913 254.243 276.607 294.713 309.67 
228.539 256.955 279.388 297.548 312.551 
230.664 259.151 281.639 299.844 314.884 
232.42 260.965 283.499 301.741 316.811 

202.105 232.737 256.915 276.49 292.661 
205.351 236.1 260.375 280.025 296.258 
207.914 238.757 263.106 282.817 299.099 
209.988 240.908 265.318 285.076 301.399 
211.702 242.685 267.143 286.943 303.298 


427.025 428.696 430.023 431.097 431.984 
433.676 435.366 436.7 437.78 438.673 
438.933 440.631 441.972 443.058 443.954 
443.188 444.893 446.242 447.331 448.233 
446.706 448.415 449.769 450.861 451.765 

406.931 410.974 414.165 416.749 418.885 
413.465 417.53 420.742 423.343 425.491 
418.62 422.708 425.937 428.55 430.706 
422.796 426.9 430.139 432.761 434.93 
426.244 430.361 433.611 436.244 438.418 

386.844 393.25 398.307 402.401 405.784 
393.25 399.697 404.785 408.913 412.31 
398.308 404.786 409.9 414.039 417.459 
402.401 408.905 414.038 418.196 421.63 
405.784 412.311 417.46 421.631 425.076 

366.758 375.525 382.449 388.054 392.683 
373.036 381.86 388.828 394.467 399.126 
377.995 386.862 393.863 399.531 404.213 
382.008 390.91 397.94 403.63 408.33 
385.323 394.256 401.307 407.016 411.73 

346.67 357.802 366.592 373.706 379.582 
352.823 364.025 372.869 380.029 385.943 
357.681 368.938 377.827 385.021 390.965 
361.614 372.916 381.839 389.062 395.035 
364.863 376.202 385.154 392.401 398.387 

326.583 340.079 350.733 359.359 366.483 
332.611 346.191 356.912 365.59 372.76 
337.37 351.016 361.789 370.511 377.717 
341.222 354.922 365.739 374.496 381.729 
344.404 358.15 369.001 377.787 385.043 

306.496 322.357 334.875 345.01 353.383 
312.399 328.356 340.955 351.154 359.578 
317.06 333.094 345.754 356.003 364.469 
320.828 336.929 349.64 359.929 368.429 
323.943 340.097 352.849 363.172 371.7 

286.41 304.631 319.019 330.663 340.283 
292.184 310.521 324.999 336.716 346.396 
296.741 315.172 329.72 341.494 351.222 
300.434 318.938 333.54 345.362 355.128 
303.483 322.044 336.697 348.558 358.358 

266.322 286.908 303.158 316.316 327.183 
271.971 292.685 309.04 322.278 333.214 
276.43 297.245 313.777 326.987 337.976 
280.041 300.94 317.441 330.798 341.83 
283.023 303.99 320.546 333.946 345.014 

246.236 269.184 287.301 301.966 314.086 
251.758 274.851 293.081 307.839 320.032 
256.118 279.324 297.642 312.476 324.728 
259.647 282.946 301.339 316.231 328.533 
262.563 285.937 304.391 319.333 331.672 

226.149 251.46 271.444 287.619 300.981 
231.545 257.015 277.125 293.401 306.849 
235.806 261.401 281.609 297.964 311.48 
239.254 264.952 285.239 301.662 315.229 
242.103 267.887 288.238 304.715 318.328 

206.062 233.737 255.583 273.272 287.882 
211.332 239.181 261.166 278.964 293.666 
215.493 243.478 265.572 283.457 298.23 
218.861 246.957 269.139 287.095 301.929 
221.643 249.832 272.085 290.1 304.983 

185.976 216.013 239.727 258.923 274.782 
191.12 221.346 245.209 264.526 280.483 
195.18 225.556 249.536 268.948 284.985 
198.468 228.964 253.039 272.529 288.628 
201.183 231.779 255.934 275.486 291.639 


406.139 407.785 409.085 410.137 411.007 
415.254 416.915 418.227 419.288 420.165 
422.45 424.123 425.444 426.51 427.392 
428.274 429.956 431.284 432.359 433.247 
433.087 434.776 436.109 437.189 438.081 

386.448 390.411 393.54 396.073 398.166 
395.396 399.388 402.544 405.099 407.21 
402.449 406.475 409.653 412.225 414.351 
408.164 412.212 415.415 418.003 420.13 
412.887 416.95 420.16 422.759 424.906 

366.757 373.036 377.994 382.007 385.323 
375.526 381.862 386.862 390.91 394.256 
382.449 388.827 393.863 397.94 401.307 
388.053 394.467 399.531 403.63 407.016 
392.683 399.126 404.213 408.337 411.732 

347.066 355.662 362.446 367.942 372.481 
355.662 364.333 371.18 376.722 381.301 
362.448 371.181 378.078 383.653 388.262 
367.942 376.721 383.654 389.264 393.906 
372.48 381.3 388.264 393.905 398.557 

327.376 338.273 346.903 353.878 359.639 
335.799 346.807 355.498 362.534 368.346 
342.449 353.533 362.283 369.367 375.22 
347.832 358.978 367.776 374.9 380.783 
352.279 363.475 372.313 379.469 385.38 

307.686 320.914 331.358 339.815 346.797 
315.937 329.281 339.816 348.345 355.391 
322.45 335.886 346.496 355.082 362.175 
327.726 341.235 351.9 360.536 367.668 
332.078 345.65 356.366 365.039 372.204 

287.99 303.541 315.818 325.748 333.956 
296.071 311.755 324.135 334.157 342.436 
302.448 318.241 330.705 340.796 349.132 
307.599 323.49 336.022 346.17 354.552 
311.877 327.825 340.417 350.611 359.03 

268.302 286.164 300.267 311.687 321.114 
276.207 294.226 308.459 319.969 329.482 
282.447 300.59 314.915 326.51 336.089 
287.499 305.743 320.148 331.806 341.439 
291.673 310.001 324.47 336.18 345.855 

248.61 268.79 284.721 297.618 308.275 
256.342 276.699 292.771 305.782 316.53 
262.447 282.943 299.125 312.224 323.046 
267.389 287.998 304.269 317.441 328.321 
271.47 292.174 308.519 321.75 332.682 

228.92 251.415 269.175 283.552 295.43 
236.479 259.172 277.089 291.59 303.573 
242.448 265.296 283.335 297.937 310.003 
247.279 270.254 288.392 303.076 315.207 
251.27 274.349 292.57 307.32 319.505 

209.229 234.041 253.631 269.487 282.587 
216.615 241.646 261.407 277.403 290.616 
222.447 247.649 267.546 283.651 296.957 
227.168 252.509 272.517 288.71 302.09 
231.068 256.524 276.622 292.89 306.33 

189.537 216.668 238.084 255.423 269.745 
196.751 224.118 245.724 263.214 277.663 
202.447 230.002 251.761 269.366 283.913 
207.057 234.765 256.638 274.346 288.974 
210.866 238.699 260.672 278.46 293.154 

169.846 199.292 222.539 241.357 256.903 
176.888 206.592 230.042 249.026 264.708 
182.447 212.354 235.966 255.08 270.87 
186.947 217.02 240.762 259.981 275.858 
190.664 220.874 244.724 264.03 279.979 


385.26 386.873 388.147 389.177 390.029 
396.832 398.463 399.752 400.795 401.656 
405.966 407.613 408.912 409.964 410.834 
413.362 415.02 416.329 417.389 418.264 
419.472 421.139 422.455 423.521 424.401 

365.983 369.849 372.915 375.397 377.446 
377.316 381.244 384.345 386.855 388.928 
386.279 390.241 393.369 395.902 397.994 
393.533 397.525 400.675 403.225 405.332 
399.526 403.541 406.71 409.275 411.394 

346.671 352.824 357.682 361.614 364.863 
357.803 364.026 368.939 372.916 376.203 
366.591 372.869 377.826 381.839 385.154 
373.706 380.03 385.021 389.062 392.401 
379.583 385.943 390.965 395.03 398.387 

327.375 335.8 342.449 347.833 352.28 
338.289 346.807 353.533 358.978 363.476 
346.903 355.498 362.281 367.776 372.314 
353.877 362.534 369.367 374.9 379.47 
359.638 368.346 375.22 380.784 385.38 

308.08 318.774 327.215 334.05 339.695 
318.773 329.588 338.128 345.039 350.748 
327.216 338.112 346.741 353.714 359.474 
334.05 345.038 353.714 360.737 366.538 
339.702 350.748 359.474 366.537 372.374 

288.785 301.748 311.983 320.268 327.112 
299.26 312.372 322.721 331.099 338.023 
307.53 320.755 331.198 339.653 346.635 
314.224 327.543 338.06 346.574 353.607 
319.752 333.151 343.729 352.293 359.366 

269.489 284.723 296.75 306.485 314.528 
279.744 295.152 307.317 317.161 325.295 
287.837 303.384 315.66 325.589 333.795 
294.394 310.05 322.407 332.412 340.675 
299.808 315.556 327.985 338.054 346.36 

250.193 267.698 281.516 292.704 301.946 
260.229 277.932 291.908 303.224 312.57 
268.152 286.012 300.112 311.53 320.955 
274.565 292.553 306.755 318.249 327.744 
279.864 297.956 312.241 323.802 333.354 

230.898 250.672 266.283 278.92 289.361 
240.715 260.713 276.502 289.281 299.842 
248.464 268.64 284.569 297.464 308.119 
254.737 275.057 291.098 304.086 314.816 
259.919 280.359 296.494 309.558 320.347 

211.603 233.647 251.05 265.138 276.776 
221.201 243.494 261.095 275.344 287.112 
228.777 251.268 269.025 283.4 295.276 
234.91 257.562 275.445 289.921 301.882 
239.977 262.76 280.749 295.311 307.342 

192.308 216.622 235.817 251.356 264.192 
201.686 226.276 245.69 261.405 274.387 
209.089 233.897 253.483 269.337 282.435 
215.082 240.067 259.793 275.759 288.949 
220.033 245.164 265.004 281.065 294.334 

173.012 199.597 220.584 237.573 251.608 
182.171 209.058 230.283 247.465 261.66 
189.401 216.526 237.94 255.275 269.595 
195.254 222.572 244.138 261.597 276.019 
200.088 227.566 249.258 266.819 281.326 

153.717 182.571 205.351 223.791 239.024 
162.656 191.838 214.878 233.526 248.933 
169.713 199.154 222.397 241.212 256.756 
175.426 205.076 228.484 247.434 263.088 
180.145 209.969 233.513 252.574 268.319 


364.383 365.964 367.211 368.22 369.054 
378.41 380.012 381.277 382.301 383.147 
389.483 391.104 392.383 393.418 394.273 
398.448 400.083 401.373 402.418 403.286 
405.854 407.5 408.799 409.851 410.721 

345.484 349.288 352.291 354.723 356.73 
359.244 363.102 366.147 368.612 370.649 
370.108 374.008 377.086 379.578 381.636 
378.902 382.837 385.942 388.456 390.533 
386.168 390.13 393.258 395.79 397.883 

326.584 332.611 337.373 341.222 344.404 
340.08 346.192 351.017 354.923 358.15 
350.733 356.912 361.79 365.739 369.001 
359.358 365.591 370.512 374.495 377.786 
366.482 372.76 377.717 381.729 385.044 

307.685 315.935 322.45 327.73 332.078 
320.915 329.28 335.887 341.234 345.651 
331.358 339.816 346.494 351.9 356.374 
339.813 348.346 355.082 360.534 365.04 
346.797 355.391 362.173 367.668 372.205 

288.785 299.261 307.529 314.222 319.753 
301.75 312.37 320.757 327.543 333.151 
311.984 322.721 331.197 338.06 343.73 
320.268 331.099 339.651 346.574 352.293 
327.112 338.006 346.635 353.607 359.367 

269.885 282.583 292.608 300.725 307.427 
282.583 295.46 305.625 313.855 320.653 
292.608 305.626 315.904 324.221 331.093 
300.723 313.854 324.221 332.613 339.546 
307.428 320.652 331.093 339.546 346.529 

250.985 265.907 277.687 287.223 295.103 
263.417 278.548 290.494 300.164 308.153 
273.232 288.528 300.608 310.382 318.458 
281.177 296.608 308.794 318.652 326.799 
287.738 303.283 315.557 325.485 333.691 

232.087 249.23 262.766 273.723 282.775 
244.25 261.638 275.363 286.475 295.654 
253.856 271.433 285.309 296.547 305.822 
261.632 279.362 293.36 304.695 314.053 
268.054 285.912 300.011 311.428 320.852 

213.186 232.555 247.845 260.223 270.449 
225.086 244.726 260.233 272.785 283.155 
234.481 254.337 270.013 282.702 293.186 
242.086 262.116 277.929 290.731 301.306 
248.369 268.542 284.469 297.363 308.017 

194.287 215.879 232.924 246.723 258.123 
205.921 227.816 245.101 259.096 270.655 
215.106 237.241 254.716 268.863 280.549 
222.541 244.87 262.499 276.77 288.557 
228.684 251.172 268.928 283.301 295.175 

175.385 199.203 217.986 233.224 245.797 
186.756 210.906 229.971 245.404 258.156 
195.731 220.146 239.421 255.023 267.913 
202.996 227.625 247.069 262.809 275.812 
208.998 233.803 253.387 269.24 282.336 

156.488 182.526 203.083 219.724 233.471 
167.59 193.995 214.841 231.716 245.655 
176.355 203.049 224.123 241.183 255.277 
183.45 210.379 231.638 248.848 263.064 
189.312 216.435 237.831 255.179 269.497 

137.588 165.85 188.163 206.225 221.145 
148.424 177.084 199.71 218.027 233.157 
156.979 185.953 208.827 227.344 242.64 
163.905 193.133 216.207 234.887 250.318 
169.626 199.064 222.304 241.117 256.659 


343.506 345.051 346.273 347.262 348.081 
359.988 361.562 362.804 363.81 364.64 
373.002 374.596 375.854 376.873 377.715 
383.535 385.145 386.417 387.446 388.297 
392.238 393.863 395.144 396.183 397.04 

324.985 328.714 331.665 334.045 336.011 
341.173 344.962 347.95 350.37 352.369 
353.938 357.775 360.805 363.255 365.282 
364.273 368.15 371.21 373.688 375.735 
372.811 376.718 379.807 382.306 384.37 

306.498 312.398 317.057 320.863 323.944 
322.357 328.358 333.095 336.93 340.099 
334.876 340.956 345.755 349.64 352.849 
345.012 351.154 356.004 359.928 363.173 
353.383 359.578 364.47 368.43 371.7 

287.992 296.071 302.449 307.611 311.876 
303.54 311.754 318.287 323.49 327.827 
315.813 324.134 330.704 336.025 340.417 
325.747 334.157 340.797 346.171 350.611 
333.955 342.437 349.132 354.553 359.03 

269.489 279.743 287.839 294.394 299.807 
284.723 295.153 303.385 310.048 315.555 
296.749 307.314 315.655 322.407 327.984 
306.485 317.162 325.588 332.411 338.047 
314.53 325.295 333.795 340.676 346.36 

250.986 263.418 273.232 281.176 287.74 
265.907 278.549 288.529 296.608 303.283 
277.686 290.495 300.607 308.791 315.552 
287.223 300.188 310.382 318.654 325.484 
295.101 308.153 318.458 326.799 333.69 

232.482 247.09 258.624 267.96 275.673 
247.09 261.947 273.674 283.169 291.011 
258.623 273.674 285.556 295.175 303.12 
267.96 283.168 295.175 304.893 312.923 
275.673 291.012 303.118 312.923 321.021 

213.978 230.763 244.015 254.743 263.605 
228.274 245.343 258.819 269.728 278.739 
239.56 256.853 270.506 281.558 290.688 
248.697 266.172 279.966 291.135 300.36 
256.245 273.869 287.781 299.046 308.35 

195.474 214.437 229.407 241.526 251.538 
209.458 228.74 243.964 256.288 266.468 
220.498 240.033 255.455 267.941 278.254 
229.434 249.175 264.76 277.375 287.798 
236.817 256.727 272.445 285.169 295.681 

176.971 198.109 214.799 228.309 239.47 
190.642 212.137 229.109 242.847 254.196 
201.435 223.213 240.406 254.324 265.823 
210.172 232.178 249.552 263.616 275.235 
217.39 239.584 257.107 271.292 283.01 

158.467 181.783 200.191 215.092 227.402 
171.826 195.536 214.255 229.407 241.925 
182.372 206.393 225.356 240.708 253.39 
190.91 215.182 234.345 249.857 262.672 
197.963 222.443 241.77 257.415 270.339 

139.963 165.456 185.583 201.875 215.334 
153.009 178.933 199.399 215.967 229.653 
163.309 189.573 210.308 227.092 240.958 
171.646 198.186 219.138 236.098 250.109 
178.535 205.301 226.432 243.538 257.669 

121.46 149.129 170.974 188.658 203.267 
134.193 162.331 184.545 202.527 217.382 
144.246 172.752 195.258 213.476 228.525 
152.384 181.189 203.93 222.339 237.548 
159.107 188.159 211.094 229.661 244.999 


322.628 324.142 325.337 326.305 327.104 
341.568 343.11 344.329 345.316 346.131 
356.518 358.086 359.375 360.326 361.154 
368.623 370.21 371.463 372.478 373.315 
378.621 380.225 381.49 382.514 383.36 

304.518 308.163 311.039 313.368 315.293 
323.134 326.816 329.75 332.125 334.088 
337.768 341.544 344.521 346.933 349.357 
349.644 353.463 356.479 358.92 360.937 
359.452 363.311 366.356 368.822 370.859 

286.41 292.185 296.744 300.436 303.485 
304.633 310.521 315.171 318.936 322.045 
319.019 325.003 329.719 333.54 336.697 
330.665 336.718 341.496 345.364 348.56 
340.283 346.397 351.223 355.13 358.357 

268.301 276.207 282.448 287.487 291.675 
286.164 294.227 300.59 305.745 310 
300.269 308.456 314.916 320.148 324.47 
311.684 319.969 326.511 331.808 336.183 
321.115 329.482 336.09 341.438 345.856 

250.194 260.23 268.152 274.566 279.864 
267.698 277.932 286.011 292.553 297.956 
281.516 291.908 300.114 306.753 312.241 
292.704 303.249 311.527 318.249 323.803 
301.945 312.568 320.956 327.744 333.353 

232.086 244.252 253.857 261.632 268.054 
249.231 261.638 271.433 279.362 285.912 
262.766 275.364 285.309 293.36 300.013 
273.724 286.476 296.542 304.693 311.425 
282.775 295.654 305.821 314.053 320.853 

213.978 228.274 239.561 248.698 256.245 
230.763 245.343 256.854 266.172 273.869 
244.015 258.82 270.506 279.967 287.783 
254.743 269.727 281.558 291.135 299.046 
263.605 278.739 290.688 300.36 308.35 

195.871 212.297 225.265 235.764 244.436 
212.297 229.049 242.274 252.981 261.826 
225.265 242.257 255.703 266.574 275.554 
235.763 252.981 266.573 277.577 286.668 
244.434 261.825 275.554 286.668 295.849 

177.762 196.319 210.969 222.829 232.626 
193.83 212.754 227.695 239.79 249.782 
206.515 225.73 240.9 253.181 263.326 
216.783 236.233 251.589 264.02 274.29 
225.266 244.909 260.42 272.975 283.347 

159.654 180.342 196.674 209.895 220.817 
175.363 196.46 213.116 226.599 237.738 
187.764 209.185 226.097 239.787 251.097 
197.804 219.487 236.605 250.463 261.91 
206.096 227.996 245.285 259.283 270.845 

141.546 164.362 182.378 196.961 209.007 
156.896 180.166 198.537 213.409 225.694 
169.014 192.642 211.294 226.394 238.868 
178.823 202.74 221.621 236.905 249.532 
186.927 211.082 230.152 245.589 258.343 

123.438 148.386 168.082 184.027 197.199 
138.43 163.871 183.958 200.218 213.65 
150.263 176.096 196.491 213.002 226.639 
159.844 185.993 206.637 223.349 237.154 
167.758 194.168 215.019 231.897 245.839 

105.331 132.409 153.78 171.092 185.389 
119.962 147.577 169.378 187.027 201.607 
131.513 159.552 181.688 199.608 214.411 
140.864 169.246 191.652 209.792 224.776 
148.588 177.254 199.885 218.205 233.339 


301.748 303.229 304.398 305.344 306.126 
323.145 324.66 325.856 326.824 327.624 
340.037 341.577 342.794 343.779 344.593 
353.709 355.275 356.509 357.508 358.334 
365.006 366.587 367.835 368.845 369.681 

284.035 287.6 290.414 292.694 294.575 
305.026 308.671 311.551 313.882 315.807 
321.598 325.309 328.238 330.61 332.569 
335.013 338.776 341.748 344.152 346.139 
346.095 349.902 352.906 355.339 357.348 

266.322 271.97 276.43 280.041 283.023 
286.907 292.686 297.248 300.942 303.991 
303.16 309.039 313.682 317.44 320.532 
316.316 322.278 326.986 330.797 333.945 
327.184 333.214 337.977 341.831 345.015 

248.611 256.342 262.447 267.389 271.471 
268.789 276.7 282.945 287.999 292.175 
284.721 292.771 299.124 304.271 308.52 
297.617 305.78 312.224 317.441 321.751 
308.272 316.527 323.046 328.33 332.681 

230.899 240.715 248.465 254.737 259.92 
250.672 260.714 268.64 275.058 280.359 
266.283 276.502 284.569 291.1 296.494 
278.92 289.282 297.463 304.085 309.556 
289.361 299.843 308.116 314.814 320.348 

213.187 225.087 234.481 242.086 248.37 
232.555 244.727 254.337 262.116 268.542 
247.845 260.233 270.013 277.929 284.469 
260.223 272.785 282.701 290.73 297.362 
270.449 283.155 293.186 301.308 308.014 

195.475 209.458 220.498 229.433 236.818 
214.437 228.741 240.034 249.175 256.727 
229.407 243.964 255.457 264.76 272.445 
241.526 256.288 267.941 277.375 285.168 
251.537 266.468 278.256 287.798 295.681 

177.762 193.83 206.515 216.784 225.266 
196.319 212.755 225.729 236.235 244.911 
210.969 227.695 240.9 251.59 260.42 
222.829 239.79 253.18 264.021 272.974 
232.627 249.781 263.325 274.289 283.347 

160.038 178.201 192.532 204.132 213.715 
178.202 196.769 211.427 223.292 233.095 
192.531 211.426 226.344 238.419 248.395 
204.131 223.292 238.419 250.665 260.781 
213.715 233.095 248.395 260.781 271.013 

142.338 162.572 178.548 191.481 202.163 
160.083 180.783 197.124 210.351 221.279 
174.095 195.158 211.787 225.249 236.37 
185.435 206.795 223.658 237.311 248.587 
194.804 216.39 233.465 247.272 258.68 

124.626 146.945 164.565 178.829 190.613 
141.965 164.796 182.82 197.411 209.463 
155.655 178.889 197.231 212.079 224.346 
166.737 190.284 208.898 223.954 236.393 
175.892 199.722 218.535 233.765 246.345 

106.914 131.316 150.581 166.177 179.061 
123.849 148.809 168.516 184.469 197.649 
137.218 162.619 182.675 198.91 212.321 
148.04 173.799 194.138 210.6 224.199 
156.981 183.036 203.605 220.257 234.012 

89.2014 115.688 136.599 153.526 167.509 
105.73 132.823 154.212 171.533 185.832 
118.78 146.351 168.118 185.74 200.296 
129.343 157.302 179.376 197.245 212.007 
138.069 166.349 188.675 206.749 221.679 


280.868 282.316 283.459 284.385 285.15 
304.722 306.207 307.38 308.33 309.114 
323.554 325.069 326.266 327.234 328.035 
338.798 340.336 341.551 342.535 343.348 
351.389 352.949 354.181 355.177 356.001 

263.552 267.038 269.788 272.016 273.856 
286.954 290.529 293.352 295.638 297.526 
305.427 309.073 311.954 314.287 316.214 
320.382 324.088 327.014 329.383 331.339 
332.736 336.491 339.458 341.854 343.838 

246.236 251.758 256.118 259.647 262.565 
269.184 274.85 279.324 282.946 285.938 
287.3 293.082 297.646 301.341 304.392 
301.967 307.841 312.477 316.23 319.33 
314.091 320.032 324.728 328.531 331.671 

228.919 236.479 242.448 247.279 251.27 
251.415 259.172 265.296 270.254 274.349 
269.175 277.089 283.336 288.393 292.571 
283.552 291.592 297.937 303.075 307.322 
295.43 303.572 310.002 315.207 319.506 

211.602 221.2 228.776 234.91 239.976 
233.647 243.492 251.268 257.562 262.761 
251.05 261.095 269.025 275.446 280.75 
265.138 275.344 283.4 289.923 295.31 
276.775 287.113 295.276 301.883 307.34 

194.287 205.92 215.105 222.54 228.683 
215.879 227.817 237.241 244.87 251.172 
232.925 245.102 254.716 262.499 268.928 
246.724 259.096 268.863 276.77 283.301 
258.123 270.655 280.54 288.558 295.176 

176.971 190.642 201.435 210.172 217.39 
198.11 212.137 223.214 232.179 239.585 
214.799 229.109 240.407 249.552 257.107 
228.309 242.847 254.325 263.617 271.292 
239.469 254.197 265.823 275.234 283.009 

159.654 175.363 187.764 197.804 206.096 
180.342 196.46 209.185 219.487 227.997 
196.674 213.116 226.096 236.606 245.286 
209.894 226.599 239.787 250.463 259.283 
220.816 237.738 251.097 261.911 270.845 

142.338 160.083 174.094 185.435 194.804 
162.572 180.782 195.158 206.795 216.409 
178.548 197.124 211.787 223.658 233.465 
191.467 210.351 225.249 237.31 247.273 
202.163 221.279 236.371 248.587 258.68 

125.022 144.804 160.422 173.067 183.51 
144.804 165.104 181.13 194.104 204.821 
160.422 181.13 197.478 210.712 221.644 
173.066 194.104 210.711 224.157 235.265 
183.51 204.82 221.644 235.263 246.514 

107.705 129.525 146.752 160.697 172.217 
127.036 149.426 167.101 181.412 193.234 
142.309 165.137 183.169 197.766 209.823 
154.651 177.855 196.174 211.003 223.254 
164.857 188.362 206.918 221.94 234.349 

90.389 114.246 133.081 148.328 160.923 
109.268 133.748 153.074 168.72 181.645 
124.172 149.143 168.859 184.819 198.004 
136.236 161.607 181.637 197.852 211.244 
146.204 171.903 192.181 208.616 222.184 

73.0727 98.9676 119.41 135.96 149.631 
91.4991 118.07 139.047 156.028 170.056 
106.046 133.15 154.549 171.877 186.182 
117.823 145.359 167.098 184.697 199.235 
127.551 155.444 177.465 195.293 210.02 


259.99 261.405 262.523 263.427 264.174 
286.299 287.763 288.906 289.837 290.606 
307.07 308.559 309.735 310.694 311.475 
323.885 325.401 326.598 327.567 328.365 
337.775 339.311 340.525 341.508 342.32 

243.069 246.476 249.164 251.341 253.138 
268.879 272.385 275.153 277.394 279.245 
289.257 292.841 295.672 297.963 299.856 
305.751 309.399 312.281 314.614 316.543 
319.378 323.08 326.003 328.37 330.324 

226.149 231.545 235.806 239.255 242.103 
251.46 257.015 261.4 264.951 267.884 
271.443 277.123 281.609 285.239 288.239 
287.619 293.402 297.968 301.664 304.716 
300.982 306.85 311.481 315.221 318.327 

209.228 216.615 222.447 227.168 231.068 
234.041 241.645 247.649 252.509 256.524 
253.63 261.406 267.545 272.516 276.621 
269.487 277.403 283.653 288.711 292.891 
282.587 290.618 296.957 302.09 306.331 

192.308 201.685 209.089 215.082 220.033 
216.622 226.276 233.897 240.067 245.164 
235.817 245.689 253.483 259.792 265.004 
251.356 261.405 269.337 275.76 281.066 
264.193 274.387 282.435 288.951 294.333 

175.387 186.757 195.73 202.996 208.997 
199.203 210.906 220.145 227.624 233.803 
218.004 229.972 239.42 247.068 253.387 
233.224 245.406 255.023 262.809 269.239 
245.797 258.157 267.913 275.812 282.336 

158.467 171.826 182.373 190.91 197.962 
181.784 195.536 206.393 215.182 222.443 
200.191 214.254 225.357 234.344 241.769 
215.092 229.407 240.709 249.857 257.415 
227.402 241.925 253.391 262.673 270.34 

141.547 156.896 169.014 178.823 186.924 
164.363 180.166 192.641 202.74 211.083 
182.378 198.544 211.294 221.621 230.153 
196.961 213.409 226.394 236.906 245.59 
209.007 225.694 238.868 249.533 258.343 

124.628 141.966 155.655 166.737 175.892 
146.945 164.796 178.889 190.297 199.722 
164.565 182.82 197.231 208.898 218.535 
178.829 197.411 212.08 223.955 233.765 
190.612 209.463 224.346 236.393 246.346 

107.705 127.036 142.298 154.651 164.857 
129.525 149.426 165.137 177.855 188.362 
146.752 167.102 183.169 196.174 206.918 
160.697 181.412 197.766 211.004 221.94 
172.217 193.232 209.823 223.254 234.35 

90.7847 112.106 128.939 142.565 153.822 
112.106 134.056 151.385 165.413 177.002 
128.939 151.384 169.105 183.451 195.301 
142.565 165.413 183.451 198.054 210.115 
153.821 177.001 195.301 210.114 222.352 

73.864 97.1763 115.581 130.479 142.786 
94.6869 118.686 137.633 152.97 165.641 
111.126 135.668 155.042 170.727 183.684 
124.433 149.414 169.136 185.102 198.291 
135.427 160.77 180.779 196.976 210.355 

56.9439 82.2465 102.222 118.393 131.752 
77.2684 103.316 123.881 140.528 154.28 
93.3129 119.95 140.979 158.003 172.067 
106.302 133.415 154.821 172.15 186.465 
117.032 144.539 166.256 183.836 198.359 


239.117 240.494 241.584 242.468 243.197 
267.877 269.305 270.432 271.344 272.098 
290.587 292.05 293.205 294.14 294.913 
308.97 310.463 311.642 312.596 313.384 
324.158 325.674 326.872 327.839 328.64 

222.587 225.912 228.539 230.664 232.42 
250.807 254.242 256.955 259.151 260.964 
273.085 276.609 279.389 281.639 283.499 
291.122 294.714 297.55 299.846 301.742 
306.02 309.67 312.553 314.887 316.814 

206.062 211.332 215.493 218.861 221.643 
233.736 239.18 243.478 246.957 249.831 
255.583 261.166 265.58 269.139 272.085 
273.272 278.964 283.458 287.096 290.102 
287.882 293.667 298.234 301.931 304.984 

189.537 196.751 202.446 207.057 210.866 
216.666 224.118 230.002 234.764 238.699 
238.084 245.724 251.754 256.639 260.672 
255.422 263.215 269.364 274.347 278.46 
269.745 277.663 283.915 288.975 293.155 

173.012 182.171 189.401 195.254 200.089 
199.596 209.057 216.525 222.571 227.566 
220.584 230.283 237.939 244.138 249.259 
237.573 247.465 255.275 261.597 266.806 
251.608 261.66 269.595 276.02 281.327 

156.488 167.59 176.354 183.451 189.312 
182.526 193.995 203.049 210.378 216.433 
203.083 214.841 224.123 231.638 237.845 
219.725 231.716 241.184 248.847 255.179 
233.471 245.657 255.277 263.065 269.497 

139.963 153.009 163.309 171.646 178.535 
165.457 178.933 189.573 198.186 205.3 
185.571 199.399 210.307 219.138 226.432 
201.876 215.968 227.092 236.098 243.538 
215.334 229.654 240.958 250.109 257.67 

123.439 138.429 150.264 159.844 167.758 
148.386 163.871 176.096 185.993 194.168 
168.082 183.958 196.491 206.637 215.019 
184.027 200.218 213.001 223.349 231.898 
197.198 213.65 226.639 237.154 245.839 

106.914 123.851 137.217 148.04 156.981 
131.316 148.809 162.62 173.8 183.036 
150.581 168.516 182.675 194.137 203.605 
166.177 184.469 198.91 210.6 220.257 
179.061 197.648 212.321 224.199 234.012 

90.389 109.268 124.172 136.237 146.204 
114.246 133.748 149.144 161.607 171.903 
133.081 153.075 168.859 181.637 192.192 
148.328 168.72 184.819 197.85 208.616 
160.923 181.645 198.004 211.245 222.184 

73.8645 94.6865 111.126 124.434 135.427 
97.1761 118.686 135.668 149.414 160.77 
115.581 137.633 155.042 169.136 180.779 
130.479 152.971 170.727 185.101 196.976 
142.786 165.641 183.684 198.291 210.356 

57.3396 80.1063 98.08 112.63 124.65 
80.1062 103.624 122.191 137.221 149.637 
98.08 122.191 141.226 156.635 169.365 
112.631 137.221 156.636 172.352 185.335 
124.65 149.637 169.365 185.335 198.528 

40.8149 65.5255 85.0342 100.827 113.873 
63.0362 88.5631 108.715 125.028 138.505 
80.5796 106.749 127.41 144.135 157.951 
94.7812 121.472 142.544 159.599 173.694 
106.513 133.634 155.046 172.38 186.699 


218.233 219.582 220.647 221.509 222.221 
249.455 250.854 251.957 252.851 253.589 
274.102 275.539 276.674 277.593 278.352 
294.058 295.526 296.685 297.624 298.4 
310.541 312.036 313.217 314.172 314.961 

202.105 205.35 207.913 209.987 211.702 
232.735 236.099 238.756 240.907 242.683 
256.915 260.374 263.105 265.316 267.142 
276.49 280.026 282.817 285.076 286.943 
292.662 296.26 299.101 301.4 303.3 

185.975 191.119 195.18 198.467 201.183 
216.013 221.346 225.556 228.964 231.779 
239.728 245.208 249.535 253.038 255.933 
258.924 264.525 268.948 272.528 275.486 
274.782 280.481 284.986 288.63 291.641 

169.846 176.887 182.448 186.946 190.664 
199.293 206.592 212.354 217.02 220.874 
222.538 230.042 235.966 240.761 244.723 
241.357 249.026 255.08 259.982 264.03 
256.903 264.708 270.87 275.859 279.977 

153.717 162.656 169.713 175.426 180.145 
182.571 191.837 199.154 205.077 209.969 
205.35 214.876 222.396 228.484 233.513 
223.791 233.526 241.212 247.434 252.573 
239.024 248.933 256.755 263.088 268.319 

137.589 148.424 156.979 163.905 169.626 
165.85 177.084 185.953 193.133 199.064 
188.163 199.71 208.827 216.207 222.303 
206.225 218.027 227.344 234.887 241.117 
221.146 233.158 242.641 250.317 256.659 

121.459 134.193 144.246 152.384 159.107 
149.13 162.33 172.753 181.189 188.159 
170.974 184.546 195.257 203.93 211.094 
188.658 202.527 213.477 222.339 229.661 
203.268 217.382 228.526 237.547 244.999 

105.33 119.962 131.513 140.864 148.588 
132.409 147.577 159.553 169.246 177.254 
153.786 169.38 181.688 191.652 199.885 
171.081 187.027 199.607 209.793 218.206 
185.388 201.607 214.411 224.777 233.339 

89.2014 105.73 118.78 129.343 138.07 
115.688 132.823 146.352 157.303 166.349 
136.598 154.212 168.118 179.376 188.676 
153.526 171.516 185.74 197.244 206.749 
167.509 185.832 200.296 212.006 221.679 

73.0733 91.4992 106.046 117.823 127.551 
98.9671 118.07 133.151 145.359 155.444 
119.41 139.046 154.549 167.098 177.466 
135.96 156.028 171.872 184.697 195.293 
149.63 170.056 186.182 199.235 210.019 

56.9436 77.2676 93.3129 106.302 117.032 
82.2462 103.316 119.95 133.416 144.539 
102.222 123.881 140.979 154.821 166.256 
118.393 140.528 158.003 172.15 183.837 
131.752 154.28 172.067 186.465 198.359 

40.8148 63.0362 80.5795 94.7811 106.513 
65.5255 88.5624 106.749 121.472 133.634 
85.0342 108.715 127.41 142.544 155.046 
100.827 125.028 144.135 159.602 172.38 
113.873 138.505 157.952 173.694 186.699 

24.6858 48.8048 67.8461 83.2606 95.9941 
48.8048 73.8093 93.5488 109.529 122.73 
67.8462 93.549 113.841 130.267 143.837 
83.2602 109.529 130.267 147.055 160.923 
95.994 122.73 143.837 160.924 175.039 


9985 30.6824 35.9593 40.2309 43.7597 


