///Total count: 2777286
///underflow: 0 0
///overflow: 0 0
///y bin walls:  -7.5 -7 -6.5 -6 -5.5 -5 -4.5 -4 -3.5 -3 -2.5 -2 -1.5 -1 -0.5 0 0.5 1 1.5 2 2.5 3 3.5 4 4.5 5 5.5 6 6.5 7 7.5 
2.72832 3.83782 0.0139171 0.350193 1.52117 3.1998 4.79427 6.36496 7.97902 9.84844 11.854 13.6972 15.2924 16.5657 17.7634 18.3612 18.7215 18.7919 18.4086 17.625 16.6029 15.3017 13.6033 11.875 9.89262 8.06187 6.3724 4.80625 3.16905 1.52457 0.352296 0.0131079 
3.83782 5.3985 0 0.0125397 0.165547 0.549331 1.02216 1.50488 1.95895 2.45675 3.00148 3.56806 4.01984 4.43411 4.7644 4.9977 5.15175 5.1231 4.9816 4.76175 4.40811 3.99522 3.5385 2.97433 2.45353 1.92686 1.48429 1.01721 0.54657 0.158645 0.0118494 0 
5.3985 7.59385 0 0 0.00989594 0.0673088 0.18835 0.307347 0.429942 0.57331 0.712426 0.843363 0.984442 1.10589 1.17754 1.26701 1.30275 1.30373 1.25466 1.19602 1.09346 0.963505 0.849743 0.701712 0.557362 0.448916 0.31438 0.189577 0.0678813 0.00956881 8.17847e-05 0 
7.59385 10.682 0 0 0.000174423 0.00383731 0.0267449 0.0554666 0.0895954 0.120875 0.154946 0.185412 0.223901 0.25396 0.278205 0.299426 0.305706 0.30902 0.302741 0.280589 0.254716 0.229018 0.18861 0.155702 0.12948 0.087793 0.05442 0.0253495 0.00517455 5.81411e-05 0 0 
10.682 15.0259 0 0 0 0.000289329 0.00177731 0.00743989 0.0157478 0.0234357 0.0329422 0.0387288 0.048566 0.0588578 0.0634871 0.069067 0.0694803 0.0684883 0.0684057 0.0580725 0.0576592 0.0489379 0.0412914 0.0322809 0.0256676 0.0155411 0.00785322 0.00165331 0.000165331 0 0 0 
15.0259 21.1363 0 0 0 0 5.87672e-05 0.000793357 0.00258576 0.00490706 0.00575919 0.00719898 0.00966721 0.0116359 0.0121648 0.0133989 0.0138397 0.0136634 0.0141335 0.0132814 0.0109013 0.00940275 0.0071696 0.00593549 0.00414309 0.00235069 0.000705207 8.81508e-05 0 0 0 0 
21.1363 29.7316 0 0 0 0 0 2.08889e-05 0.000229778 0.000940002 0.00114889 0.00154578 0.00175467 0.00248578 0.00233956 0.00286178 0.00300801 0.00277823 0.00277823 0.00227689 0.00217245 0.00215156 0.00139956 0.00106534 0.000438668 0.000104445 2.08889e-05 2.08889e-05 0 0 0 0 
29.7316 41.8222 0 0 0 0 0 0 0 1.485e-05 0.00010395 0.00022275 0.000430651 0.000490051 0.000371251 0.000430651 0.000608851 0.000549451 0.000564301 0.000534601 0.000445501 0.000371251 0.00016335 0.00019305 5.94001e-05 5.94001e-05 0 0 0 0 0 0 
41.8222 58.8296 0 0 0 0 0 0 0 1.05569e-05 3.16708e-05 2.11139e-05 6.33417e-05 6.33417e-05 9.50125e-05 5.27847e-05 0.00013724 7.38986e-05 0.000116126 0.000158354 5.27847e-05 7.38986e-05 3.16708e-05 3.16708e-05 2.11139e-05 0 0 0 0 0 0 0 
58.8296 82.7532 0 0 0 0 0 0 0 0 0 0 1.501e-05 0 7.50498e-06 7.50498e-06 1.501e-05 0 1.501e-05 3.00199e-05 7.50498e-06 0 7.50498e-06 0 0 0 0 0 0 0 0 0 
82.7532 116.406 0 0 0 0 0 0 0 0 0 0 0 0 5.33532e-06 0 0 5.33532e-06 0 0 0 0 0 0 0 0 0 0 0 0 0 0 
116.406 163.743 0 0 0 0 0 0 0 0 0 0 0 0 0 0 0 0 0 0 0 0 0 0 0 0 0 0 0 0 0 0 
163.743 230.33 0 0 0 0 0 0 0 0 0 0 0 0 0 0 0 0 0 0 0 0 0 0 0 0 0 0 0 0 0 0 
230.33 323.996 0 0 0 0 0 0 0 0 0 0 0 0 0 0 0 0 0 0 0 0 0 0 0 0 0 0 0 0 0 0 
323.996 455.753 0 0 0 0 0 0 0 0 0 0 0 0 0 0 0 0 0 0 0 0 0 0 0 0 0 0 0 0 0 0 
455.753 641.089 0 0 0 0 0 0 0 0 0 0 0 0 0 0 0 0 0 0 0 0 0 0 0 0 0 0 0 0 0 0 
641.089 901.793 0 0 0 0 0 0 0 0 0 0 0 0 0 0 0 0 0 0 0 0 0 0 0 0 0 0 0 0 0 0 
901.793 1268.52 0 0 0 0 0 0 0 0 0 0 0 0 0 0 0 0 0 0 0 0 0 0 0 0 0 0 0 0 0 0 
1268.52 1784.37 0 0 0 0 0 0 0 0 0 0 0 0 0 0 0 0 0 0 0 0 0 0 0 0 0 0 0 0 0 0 
1784.37 2510 0 0 0 0 0 0 0 0 0 0 0 0 0 0 0 0 0 0 0 0 0 0 0 0 0 0 0 0 0 0 
