%mand_s=7.6176e+06 kt02=4 p_pdf=13200
%num_elements=8100
%num_sum_T_pp_A=15
%num_sum_T_pp_B=15
%num_T_AA(0)=6
%num_T_BB(0)=6

%sum_T_pp_A
0.03411 0.075245 0.11638 0.157515 0.19865 0.239785 0.28092 0.322055 0.36319 0.404325 0.44546 0.486595 0.52773 0.568865 0.61 

%sum_T_pp_B
0.03411 0.075245 0.11638 0.157515 0.19865 0.239785 0.28092 0.322055 0.36319 0.404325 0.44546 0.486595 0.52773 0.568865 0.61 

%T_AA(0)
30 33.2 36.4 39.6 42.8 46 

%T_BB(0)
30 33.2 36.4 39.6 42.8 46 

%sigma_jet_values
156.963 157.499 157.94 158.31 158.624 158.895 
157.499 158.035 158.476 158.847 159.162 159.433 
157.94 158.476 158.919 159.29 159.605 159.878 
158.31 158.847 159.29 159.661 159.978 160.25 
158.624 159.162 159.606 159.978 160.295 160.568 
158.895 159.434 159.878 160.25 160.568 160.84 

150.265 151.446 152.422 153.235 153.929 154.526 
150.789 151.972 152.947 153.764 154.459 155.057 
151.222 152.406 153.382 154.2 154.896 155.495 
151.584 152.77 153.747 154.566 155.263 155.862 
151.893 153.079 154.057 154.877 155.574 156.175 
152.158 153.346 154.324 155.145 155.843 156.444 

143.565 145.392 146.898 148.16 149.234 150.158 
144.079 145.909 147.417 148.681 149.757 150.682 
144.502 146.335 147.845 149.111 150.188 151.115 
144.857 146.692 148.203 149.471 150.549 151.477 
145.159 146.996 148.509 149.778 150.857 151.788 
145.422 147.257 148.771 150.041 151.121 152.051 

136.866 139.352 141.376 143.086 144.537 145.791 
137.369 139.845 141.886 143.598 145.053 146.306 
137.784 140.263 142.307 144.02 145.478 146.733 
138.131 140.614 142.66 144.375 145.834 147.09 
138.427 140.912 142.96 144.677 146.137 147.394 
138.682 141.168 143.218 144.936 146.398 147.656 

130.167 133.285 135.855 138.01 139.842 141.419 
130.659 133.782 136.356 138.516 140.35 141.929 
131.065 134.194 136.77 138.931 140.768 142.35 
131.405 134.536 137.116 139.28 141.119 142.703 
131.694 134.829 137.411 139.577 141.418 143.003 
131.943 135.08 137.664 139.832 141.675 143.261 

123.468 127.231 130.333 132.934 135.146 137.05 
123.949 127.719 130.826 133.431 135.647 137.554 
124.346 128.121 131.232 133.841 136.054 137.969 
124.679 128.458 131.573 134.184 136.4 138.317 
124.962 128.744 131.862 134.476 136.694 138.613 
125.206 128.991 132.112 134.728 136.947 138.867 

116.768 121.178 124.812 127.859 130.45 132.681 
117.239 121.656 125.296 128.348 130.943 133.178 
117.627 122.05 125.695 128.751 131.349 133.587 
117.953 122.38 126.029 129.088 131.69 133.931 
118.229 122.661 126.313 129.375 131.98 134.222 
118.467 122.903 126.558 129.623 132.23 134.473 

110.071 115.125 119.291 122.784 125.755 128.312 
110.529 115.593 119.765 123.265 126.24 128.802 
110.909 115.979 120.157 123.661 126.64 129.205 
111.227 116.302 120.485 123.992 126.975 129.543 
111.497 116.585 120.765 124.275 127.26 129.831 
111.73 116.814 121.005 124.518 127.506 130.078 

103.372 109.073 113.77 117.709 121.059 123.943 
103.82 109.53 114.236 118.181 121.537 124.426 
104.19 109.908 114.62 118.571 121.931 124.823 
104.508 110.225 114.942 118.896 122.261 125.157 
104.765 110.494 115.216 119.174 122.542 125.44 
104.992 110.726 115.452 119.414 122.783 125.684 

96.6728 103.019 108.254 112.635 116.364 119.574 
97.1114 103.467 108.706 113.098 116.834 120.05 
97.4715 103.836 109.083 113.481 117.221 120.442 
97.7774 104.155 109.4 113.802 117.546 120.77 
98.0329 104.41 109.668 114.074 117.822 121.049 
98.2543 104.631 109.9 114.309 118.06 121.29 

89.9723 96.9661 102.729 107.564 111.669 115.205 
90.4006 97.4051 103.176 108.015 112.131 115.674 
90.7516 97.7656 103.545 108.391 112.512 116.06 
91.0484 98.0717 103.863 108.707 112.832 116.383 
91.3001 98.327 104.112 108.974 113.103 116.666 
91.5165 98.5491 104.345 109.205 113.338 116.896 

83.2734 90.9115 97.2078 102.485 106.974 110.838 
83.6923 91.3425 97.6472 102.932 107.428 111.298 
84.0342 91.6944 98.008 103.301 107.803 111.681 
84.3224 91.9911 98.3117 103.604 108.118 111.997 
84.5675 92.2435 98.5699 103.874 108.385 112.268 
84.7785 92.4607 98.7922 104.1 108.615 112.501 

76.574 84.858 91.6854 97.4104 102.278 106.469 
76.9803 85.2795 92.1175 97.8502 102.724 106.922 
77.3152 85.6236 92.4708 98.2112 103.093 107.296 
77.596 85.9135 92.7683 98.5156 103.402 107.61 
77.8351 86.1601 93.0213 98.7736 103.666 107.877 
78.0407 86.3724 93.2392 98.996 103.892 108.107 

69.8755 78.8039 86.1642 92.3341 97.5827 102.1 
70.271 79.2138 86.5876 92.7673 98.0214 102.546 
70.597 79.552 86.9337 93.1214 98.3868 102.908 
70.8703 79.8355 87.225 93.4197 98.6887 103.223 
71.1026 80.0764 87.4728 93.6734 98.9468 103.486 
71.3027 80.2837 87.6861 93.8917 99.1694 103.713 

63.1765 72.7514 80.6428 87.2592 92.8858 97.7311 
63.5613 73.1516 81.0579 87.6843 93.3236 98.17 
63.8785 73.4814 81.3962 88.0317 93.6748 98.5357 
64.1444 73.7579 81.6815 88.3243 93.9737 98.8377 
64.3706 73.9927 81.9241 88.5732 94.2278 99.0959 
64.5653 74.1951 82.133 88.7874 94.4467 99.3187 


150.264 150.792 151.222 151.584 151.892 152.158 
151.446 151.972 152.406 152.77 153.079 153.346 
152.419 152.947 153.382 153.747 154.057 154.324 
153.235 153.764 154.2 154.566 154.877 155.145 
153.929 154.459 154.896 155.263 155.575 155.843 
154.526 155.057 155.495 155.863 156.175 156.444 

143.7 144.857 145.811 146.611 147.291 147.877 
144.857 146.018 146.976 147.779 148.461 149.049 
145.811 146.976 147.936 148.741 149.426 150.016 
146.611 147.781 148.741 149.548 150.235 150.826 
147.294 148.462 149.426 150.235 150.923 151.515 
147.876 149.049 150.016 150.826 151.515 152.108 

137.135 138.927 140.4 141.637 142.689 143.595 
138.269 140.066 141.546 142.787 143.843 144.752 
139.203 141.006 142.49 143.735 144.794 145.706 
139.986 141.792 143.281 144.53 145.591 146.505 
140.652 142.462 143.955 145.205 146.269 147.188 
141.226 143.039 144.534 145.787 146.856 147.771 

130.572 132.996 134.991 136.665 138.088 139.314 
131.681 134.112 136.117 137.796 139.225 140.457 
132.595 135.034 137.044 138.729 140.164 141.396 
133.362 135.808 137.822 139.512 140.948 142.185 
134.014 136.465 138.484 140.177 141.617 142.856 
134.576 137.031 139.054 140.749 142.191 143.433 

124.007 127.062 129.58 131.691 133.487 135.033 
125.094 128.159 130.687 132.805 134.607 136.159 
125.988 129.063 131.599 133.723 135.533 137.087 
126.787 129.821 132.363 134.493 136.306 137.865 
127.376 130.466 133.013 135.148 136.964 138.527 
127.926 131.021 133.572 135.711 137.739 139.097 

117.441 121.13 124.17 126.718 128.886 130.752 
118.504 122.206 125.305 127.814 129.989 131.862 
119.38 123.093 126.153 128.717 130.899 132.777 
120.115 123.836 126.903 129.475 131.662 133.545 
120.738 124.468 127.541 130.119 132.312 134.197 
121.277 125.012 128.091 130.673 132.869 134.759 

110.876 115.198 118.759 121.746 124.331 126.47 
111.916 116.253 119.828 122.824 125.373 127.565 
112.772 117.122 120.707 123.712 126.268 128.468 
113.489 117.85 121.444 124.457 127.019 129.224 
114.1 118.471 122.071 125.09 127.657 129.868 
114.626 119.004 122.612 125.636 128.207 130.422 

104.312 109.266 113.351 116.772 119.683 122.19 
105.328 110.299 114.397 117.832 120.755 123.269 
106.164 111.15 115.26 118.706 121.637 124.159 
106.865 111.863 115.984 119.44 122.376 124.905 
107.463 112.47 116.6 120.062 123.006 125.539 
107.975 112.993 117.131 120.598 123.547 126.085 

97.7476 103.334 107.939 111.799 115.082 117.908 
98.7392 104.346 108.967 112.841 116.136 118.972 
99.5563 105.179 109.817 113.7 117.005 119.85 
100.241 105.878 110.525 114.419 117.733 120.585 
100.824 106.476 111.129 115.032 118.353 121.211 
101.325 106.985 111.649 115.561 118.886 121.749 

91.1835 97.4025 102.528 106.826 110.48 113.629 
92.151 98.3926 103.537 107.85 111.519 114.675 
92.9484 99.2086 104.368 108.694 112.373 115.54 
93.6169 99.8927 105.065 109.402 113.089 116.264 
94.1856 100.475 105.658 110.003 113.699 116.882 
94.6752 100.975 106.168 110.521 114.224 117.412 

84.6193 91.4708 97.1176 101.853 105.879 109.345 
85.5574 92.4394 98.1089 102.859 106.9 110.379 
86.3412 93.2376 98.9221 103.688 107.741 111.23 
86.9939 93.9069 99.6055 104.383 108.446 111.943 
87.5485 94.4763 100.187 104.974 109.046 112.55 
88.025 94.959 100.687 105.486 109.562 113.074 

78.0549 85.54 91.7077 96.879 101.278 105.064 
78.9743 86.4867 92.6771 97.8674 102.282 106.082 
79.7334 87.2669 93.476 98.682 103.109 106.921 
80.3692 87.9214 94.1462 99.3646 103.803 107.624 
80.9099 88.4779 94.7159 99.9453 104.393 108.222 
81.3752 88.9574 95.2062 100.445 104.901 108.737 

71.4905 79.6081 86.2977 91.9063 96.6761 100.783 
72.3866 80.5335 87.2476 92.8764 97.6638 101.786 
73.1253 81.2964 88.0301 93.6761 98.4778 102.612 
73.745 81.9361 88.6868 94.3455 99.16 103.304 
74.2718 82.4801 89.245 94.9166 99.7403 103.893 
74.7252 82.9479 89.7255 95.4074 100.24 104.4 

64.9261 73.676 80.8876 86.9335 92.0751 96.5015 
65.7987 74.5803 81.8177 87.8854 93.0459 97.4884 
66.5179 75.3255 82.5843 88.6704 93.8463 98.3017 
67.1208 75.9502 83.2272 89.3283 94.517 98.9838 
67.6336 76.4816 83.7764 89.8881 95.0874 99.5636 
68.0751 76.9391 84.2442 90.3699 95.5785 100.063 

58.3617 67.7442 75.4775 81.9604 87.4742 92.2205 
59.2106 68.627 76.3882 82.8944 88.4283 93.192 
59.9104 69.3549 77.1389 83.6645 89.215 93.9926 
60.497 69.9647 77.7683 84.3095 89.8743 94.6637 
60.9958 70.4835 78.3035 84.8587 90.4346 95.2344 
61.4252 70.9302 78.7641 85.3311 90.9174 95.7258 


143.565 144.078 144.502 144.857 145.159 145.419 
145.392 145.909 146.335 146.692 146.996 147.257 
146.897 147.417 147.845 148.207 148.509 148.772 
148.16 148.681 149.111 149.471 149.778 150.041 
149.234 149.757 150.188 150.549 150.856 151.121 
150.158 150.682 151.117 151.477 151.785 152.05 

137.135 138.268 139.203 139.986 140.652 141.227 
138.925 140.067 141.005 141.792 142.462 143.039 
140.4 141.546 142.49 143.281 143.954 144.534 
141.637 142.787 143.735 144.53 145.206 145.787 
142.689 143.843 144.794 145.591 146.269 146.853 
143.595 144.752 145.706 146.505 147.185 147.771 

130.706 132.459 133.904 135.116 136.146 137.033 
132.459 134.222 135.675 136.894 137.93 138.822 
133.904 135.678 137.136 138.359 139.394 140.297 
135.116 136.894 138.36 139.589 140.634 141.533 
136.146 137.93 139.393 140.634 141.682 142.585 
137.033 138.824 140.297 141.533 142.585 143.49 

124.275 126.648 128.605 130.244 131.639 132.84 
125.992 128.38 130.346 131.995 133.398 134.605 
127.407 129.805 131.781 133.438 134.847 136.061 
128.594 131 132.985 134.649 136.062 137.28 
129.602 132.017 134.008 135.677 137.096 138.319 
130.471 132.895 134.889 136.562 137.986 139.211 

117.841 120.838 123.305 125.373 127.132 128.646 
119.526 122.535 125.016 127.096 128.865 130.388 
120.911 123.934 126.426 128.517 130.293 131.823 
122.072 125.106 127.608 129.708 131.491 133.027 
123.058 126.104 128.614 130.719 132.509 134.05 
123.909 126.963 129.48 131.591 133.388 134.932 

111.415 115.028 118.007 120.502 122.625 124.453 
113.059 116.692 119.687 122.197 124.332 126.17 
114.413 118.063 121.072 123.594 125.739 127.586 
115.549 119.213 122.234 124.765 126.919 128.773 
116.514 120.192 123.222 125.762 127.922 129.783 
117.345 121.033 124.072 126.615 128.786 130.651 

104.986 109.217 112.706 115.631 118.119 120.259 
106.591 110.848 114.357 117.298 119.8 121.953 
107.916 112.193 115.717 118.674 121.186 123.349 
109.026 113.32 116.86 119.824 122.348 124.519 
109.97 114.278 117.828 120.805 123.369 125.51 
110.783 115.103 118.663 121.649 124.187 126.372 

98.5545 103.408 107.406 110.759 113.611 116.065 
100.125 105.005 109.027 112.399 115.267 117.735 
101.419 106.322 110.363 113.75 116.631 119.114 
102.504 107.426 111.483 114.883 117.776 120.266 
103.427 108.365 112.435 115.847 118.748 121.248 
104.22 109.173 113.257 116.676 119.586 122.092 

92.1257 97.5976 102.107 105.888 109.103 111.872 
93.6581 99.1617 103.697 107.5 110.734 113.518 
94.9225 100.451 105.008 108.828 112.077 114.875 
95.9816 101.532 106.107 109.942 113.204 116.012 
96.8827 102.451 107.041 110.889 114.162 116.979 
97.6584 103.243 107.846 111.705 114.987 117.811 

85.6959 91.7876 96.8076 101.018 104.597 107.679 
87.1924 93.3179 98.3683 102.601 106.201 109.301 
88.4256 94.5809 99.6533 103.906 107.523 110.638 
89.4608 95.6384 100.731 105.001 108.631 111.759 
90.3403 96.5382 101.648 105.932 109.575 112.712 
91.0961 97.3132 102.437 106.733 110.387 113.534 

79.2662 85.9785 91.5087 96.1457 100.09 103.485 
80.7259 87.4754 93.0376 97.7021 101.669 105.083 
81.929 88.71 94.299 98.9848 102.97 106.4 
82.9377 89.7452 95.3559 100.06 104.06 107.505 
83.7955 90.6255 96.2544 100.975 104.988 108.444 
84.534 91.3833 97.0283 101.762 105.787 109.252 

72.8364 80.1679 86.2094 91.2751 95.5828 99.2912 
74.2593 81.6322 87.7088 92.8026 97.136 100.865 
75.4322 82.8396 88.9444 94.063 98.4155 102.163 
76.4156 83.8518 89.9805 95.1189 99.4886 103.251 
77.2519 84.7128 90.8616 96.0165 100.402 104.176 
77.9718 85.4544 91.6201 96.7897 101.188 104.972 

66.407 74.3575 80.9091 86.4039 91.0764 95.0981 
67.7933 75.7891 82.378 87.9043 92.6034 96.6486 
68.9355 76.9693 83.5906 89.141 93.8621 97.9259 
69.8934 77.9586 84.6054 90.1778 94.9174 98.9929 
70.7081 78.7999 85.4687 91.0596 95.8103 99.9081 
71.4095 79.5243 86.2119 91.8187 96.5869 100.693 

59.9769 68.5474 75.611 81.5329 86.5693 90.9053 
61.3265 70.0012 77.0494 83.0061 88.0707 92.4313 
62.4388 71.0984 78.2358 84.2194 89.3081 93.6892 
63.3715 72.0649 79.23 85.237 90.3455 94.7438 
64.1646 72.8869 80.0756 86.1024 91.2279 95.6404 
64.8473 73.5944 80.8039 86.8475 91.9875 96.4123 

53.5469 62.737 70.3115 76.6618 82.063 86.7117 
54.86 64.1027 71.72 78.1067 83.5383 88.2139 
55.942 65.2277 72.8811 79.2976 84.7545 89.452 
56.8492 66.1715 73.8543 80.2951 85.7742 90.4899 
57.6206 66.9737 74.6826 81.1451 86.6414 91.3729 
58.285 67.6645 75.3952 81.876 87.388 92.1328 


136.866 137.369 137.783 138.131 138.427 138.681 
139.338 139.845 140.263 140.613 140.911 141.168 
141.376 141.886 142.307 142.66 142.96 143.218 
143.085 143.598 144.021 144.375 144.677 144.936 
144.537 145.053 145.478 145.834 146.137 146.398 
145.789 146.306 146.732 147.09 147.394 147.656 

130.571 131.681 132.595 133.362 134.015 134.576 
132.994 134.112 135.034 135.807 136.464 137.03 
134.991 136.116 137.044 137.822 138.483 139.053 
136.664 137.796 138.729 139.511 140.176 140.749 
138.088 139.225 140.163 140.949 141.616 142.191 
139.314 140.455 141.396 142.185 142.856 143.433 

124.275 125.992 127.407 128.593 129.604 130.47 
126.649 128.379 129.805 131 132.017 132.893 
128.605 130.346 131.781 132.987 134.008 134.889 
130.245 131.995 133.439 134.648 135.676 136.562 
131.638 133.398 134.85 136.062 137.096 137.985 
132.84 134.605 136.06 137.28 138.318 139.211 

117.98 120.304 122.218 123.823 125.189 126.365 
120.303 122.645 124.575 126.194 127.57 128.755 
122.218 124.575 126.518 128.147 129.532 130.724 
123.824 126.193 128.147 129.784 131.177 132.375 
125.189 127.57 129.532 131.176 132.576 133.78 
126.364 128.754 130.724 132.375 133.78 134.988 

111.685 114.616 117.03 119.054 120.778 122.259 
113.958 116.913 119.346 121.387 123.122 124.616 
115.833 118.805 121.254 123.309 125.055 126.56 
117.404 120.392 122.855 124.92 126.676 128.188 
118.741 121.741 124.216 126.29 128.056 129.573 
119.891 122.904 125.388 127.47 129.241 130.766 

105.389 108.926 111.842 114.286 116.364 118.153 
107.614 111.178 114.117 116.581 118.675 120.478 
109.446 113.034 115.992 118.472 120.579 122.394 
110.983 114.591 117.564 120.057 122.176 124.001 
112.29 115.914 118.901 121.404 123.534 125.367 
113.416 117.053 120.054 122.565 124.703 126.543 

99.0943 103.238 106.653 109.516 111.952 114.049 
101.269 105.444 108.887 111.773 114.227 116.341 
103.06 107.263 110.728 113.633 116.103 118.23 
104.563 108.789 112.272 115.192 117.676 119.814 
105.841 110.086 113.585 116.518 119.014 121.161 
106.94 111.203 114.715 117.66 120.167 122.321 

92.7987 97.5498 101.465 104.747 107.538 109.942 
94.9236 99.7118 103.658 106.966 109.78 112.202 
96.6743 101.494 105.466 108.795 111.627 114.065 
98.1424 102.988 106.98 110.328 113.175 115.631 
99.391 104.258 108.269 111.632 114.493 116.955 
100.466 105.352 109.379 112.755 115.626 118.098 

86.5033 91.8604 96.2761 99.9782 103.126 105.836 
88.577 93.9777 98.4288 102.16 105.332 108.064 
90.2888 95.7234 100.202 103.958 107.15 109.9 
91.7225 97.1863 101.689 105.464 108.675 111.439 
92.942 98.4304 102.954 106.747 109.971 112.748 
93.9918 99.5014 104.043 107.85 111.088 113.876 

80.2083 86.1721 91.0874 95.2089 98.7139 101.73 
82.2337 88.2447 93.1986 97.3524 100.885 103.926 
83.9028 89.9515 94.9387 99.1191 102.674 105.736 
85.3024 91.3849 96.399 100.601 104.175 107.252 
86.4927 92.6028 97.6386 101.86 105.451 108.542 
87.5172 93.6512 98.7068 102.945 106.55 109.653 

73.9132 80.4838 85.8992 90.4394 94.3011 97.6255 
75.8888 82.5115 87.9696 92.5454 96.4377 99.7883 
77.5172 84.1824 89.6759 94.2813 98.1981 101.571 
78.8824 85.5835 91.105 95.7366 99.6737 103.065 
80.0433 86.775 92.3232 96.9742 100.93 104.336 
81.0428 87.8002 93.3704 98.0397 102.012 105.43 

67.6179 74.7955 80.711 85.6703 89.8882 93.5196 
69.5437 76.7781 82.7405 87.7388 91.9899 95.6497 
71.1312 78.4123 84.4128 89.4438 93.7222 97.4056 
72.4621 79.7827 85.8151 90.8731 95.1744 98.8773 
73.594 80.9477 87.0077 92.0887 96.4089 100.129 
74.5682 81.9502 88.0338 93.135 97.4732 101.207 

61.3227 69.1067 75.5227 80.9025 85.4756 89.4137 
63.1993 71.0447 77.5115 82.9324 87.543 91.5118 
64.746 72.6421 79.149 84.606 89.2464 93.2409 
66.0425 73.9811 80.5228 86.0093 90.6747 94.6905 
67.1452 75.1198 81.6911 87.2028 91.8894 95.9229 
68.0943 76.1 82.6982 88.2296 92.9349 96.9852 

55.0275 63.419 70.3345 76.1324 81.0634 85.3081 
56.8543 65.312 72.2818 78.1255 83.0956 87.3742 
58.3598 66.8721 73.887 79.7685 84.7703 89.0766 
59.6217 68.1796 75.2326 81.1458 86.1745 90.5038 
60.6954 69.292 76.377 82.3169 87.3687 91.7178 
61.6195 70.2495 77.3622 83.3253 88.3966 92.7626 

48.7321 57.7299 65.1464 71.3634 76.651 81.2028 
50.5093 59.5782 67.0528 73.319 78.6481 83.2362 
51.9738 61.1013 68.6235 74.9308 80.2945 84.912 
53.2019 62.378 69.9411 76.2819 81.6746 86.3167 
54.2462 63.4642 71.0616 77.4311 82.8482 87.5115 
55.1451 64.3989 72.0258 78.4204 83.8587 88.5401 


130.167 130.659 131.065 131.406 131.695 131.939 
133.285 133.782 134.192 134.536 134.828 135.08 
135.855 136.356 136.77 137.116 137.411 137.665 
138.009 138.514 138.93 139.281 139.576 139.832 
139.841 140.35 140.759 141.119 141.417 141.675 
141.419 141.93 142.35 142.703 143.003 143.261 

124.007 125.092 125.987 126.738 127.376 127.927 
127.062 128.159 129.063 129.821 130.466 131.021 
129.58 130.686 131.598 132.362 133.013 133.572 
131.691 132.806 133.723 134.493 135.148 135.711 
133.487 134.608 135.531 136.305 136.963 137.53 
135.034 136.159 137.087 137.864 138.526 139.096 

117.845 119.526 120.91 122.071 123.058 123.908 
120.838 122.536 123.935 125.107 126.105 126.963 
123.305 125.016 126.427 127.609 128.614 129.48 
125.373 127.096 128.516 129.707 130.719 131.591 
127.132 128.865 130.293 131.491 132.509 133.386 
128.646 130.388 131.823 133.029 134.051 134.932 

111.685 113.958 115.832 117.404 118.74 119.89 
114.615 116.912 118.805 120.392 121.741 122.904 
117.03 119.348 121.255 122.855 124.216 125.387 
119.055 121.387 123.308 124.92 126.29 127.47 
120.776 123.122 125.055 126.676 128.055 129.241 
122.259 124.616 126.559 128.188 129.573 130.766 

105.524 108.393 110.755 112.736 114.421 115.872 
108.391 111.289 113.676 115.677 117.379 118.845 
110.755 113.677 116.083 118.101 119.818 121.296 
112.736 115.678 118.101 120.135 121.862 123.349 
114.421 117.381 119.818 121.862 123.6 125.101 
115.872 118.845 121.295 123.35 125.096 126.601 

99.3635 102.825 105.677 108.07 110.103 111.854 
102.168 105.665 108.546 110.964 113.017 114.786 
104.48 108.005 110.911 113.348 115.419 117.202 
106.417 109.968 112.894 115.348 117.433 119.229 
108.066 111.637 114.579 117.048 119.145 120.951 
109.485 113.074 116.032 118.512 120.619 122.435 

93.2028 97.2581 100.6 103.402 105.785 107.837 
95.9447 100.042 103.418 106.248 108.655 110.729 
98.2052 102.336 105.74 108.594 111.021 113.111 
100.1 104.259 107.686 110.56 113.004 115.109 
101.711 105.894 109.342 112.232 114.691 116.808 
103.098 107.301 110.767 113.672 116.143 118.271 

87.0417 91.691 95.5228 98.735 101.467 103.819 
89.7214 94.4178 98.2886 101.534 104.293 106.669 
91.9299 96.6655 100.568 103.835 106.623 109.018 
93.7816 98.5497 102.479 105.774 108.571 110.988 
95.356 100.152 104.105 107.418 110.236 112.662 
96.7115 101.532 105.504 108.834 111.666 114.104 

80.8808 86.1238 90.445 94.0681 97.1489 99.8012 
83.4978 88.7941 93.1594 96.8139 99.9313 102.61 
85.6548 90.9948 95.3963 99.0863 102.224 104.925 
87.4632 92.8398 97.2715 100.987 104.147 106.866 
89.0009 94.409 98.8672 102.604 105.781 108.517 
90.3251 95.7604 100.24 103.996 107.188 109.939 

74.7205 80.5567 85.3674 89.4003 92.8305 95.7833 
77.2748 83.1704 88.0298 92.1042 95.569 98.5519 
79.38 85.3247 90.2241 94.3323 97.8261 100.834 
81.1452 87.1304 92.0639 96.2005 99.7183 102.746 
82.6463 88.6667 93.6286 97.7891 101.327 104.373 
83.9382 89.9891 94.9757 99.1566 102.712 105.774 

68.5599 74.9902 80.2897 84.7331 88.5119 91.7653 
71.0516 77.5472 82.9009 87.3892 91.2071 94.4929 
73.1052 79.6548 85.0525 89.5782 93.4274 96.7412 
74.827 81.4218 86.8572 91.4135 95.2893 98.626 
76.2909 82.9245 88.3913 92.9744 96.8726 100.229 
77.5518 84.2178 89.7121 94.3181 98.2355 101.609 

62.3999 69.4234 75.2125 80.066 84.1938 87.7472 
64.8288 71.924 77.7721 82.6747 86.8443 90.4341 
66.8307 73.9849 79.8812 84.8244 89.0287 92.6488 
68.5088 75.7125 81.6498 86.6273 90.8604 94.5051 
69.9361 77.1816 83.1538 88.1606 92.418 96.0837 
71.1649 78.447 84.4483 89.48 93.759 97.4429 

56.2389 63.8571 70.1352 75.3989 79.8755 83.7294 
58.6049 66.3011 72.6429 77.9604 82.4823 86.375 
60.5553 68.3148 74.7098 80.071 84.6304 88.5557 
62.1907 70.0035 76.4428 81.8408 86.432 90.3842 
63.5815 71.4395 77.9151 83.3461 87.9637 91.939 
64.7788 72.676 79.1838 84.6415 89.2825 93.2776 

50.0782 58.2877 65.0581 70.7319 75.5574 79.7113 
52.3822 60.6771 67.5138 73.2456 78.1201 82.3164 
54.2805 62.6451 69.5365 75.3177 80.2325 84.4634 
55.8723 64.2946 71.2352 77.0544 82.0034 86.2638 
57.2263 65.6977 72.6784 78.5316 83.5095 87.7949 
58.3917 66.9052 73.9211 79.8034 84.8058 89.1127 

43.9176 52.7232 59.98 66.0645 71.2392 75.6939 
46.1587 55.0537 62.3851 68.5308 73.7586 78.2589 
48.0057 56.9744 64.3668 70.5638 75.8342 80.3714 
49.5542 58.5851 66.0283 72.268 77.5748 82.1433 
50.8713 59.9546 67.4413 73.7171 79.0552 83.6503 
52.0049 61.1337 68.6569 74.965 80.3295 84.9476 


123.468 123.954 124.346 124.679 124.962 125.205 
127.232 127.719 128.121 128.458 128.745 128.991 
130.334 130.827 131.233 131.573 131.863 132.112 
132.935 133.431 133.841 134.184 134.476 134.727 
135.146 135.647 136.059 136.405 136.699 136.952 
137.05 137.554 137.968 138.316 138.612 138.867 

117.441 118.504 119.38 120.114 120.738 121.276 
121.13 122.206 123.092 123.835 124.468 125.012 
124.169 125.256 126.152 126.903 127.543 128.092 
126.719 127.814 128.717 129.475 130.119 130.673 
128.885 129.989 130.899 131.662 132.31 132.869 
130.752 131.862 132.777 133.545 134.198 134.759 

111.415 113.059 114.413 115.549 116.514 117.345 
115.028 116.692 118.064 119.213 120.191 121.033 
118.006 119.687 121.072 122.233 123.221 124.071 
120.501 122.197 123.594 124.767 125.762 126.62 
122.626 124.332 125.739 126.919 127.922 128.786 
124.452 126.17 127.586 128.773 129.785 130.651 

105.389 107.613 109.446 110.983 112.288 113.416 
108.925 111.178 113.034 114.59 115.914 117.053 
111.841 114.116 115.992 117.564 118.9 120.052 
114.285 116.58 118.471 120.055 121.404 122.565 
116.364 118.674 120.579 122.177 123.534 124.703 
118.153 120.48 122.394 124 125.367 126.543 

99.3642 102.17 104.48 106.417 108.066 109.485 
102.825 105.666 108.005 109.968 111.637 113.074 
105.677 108.548 110.911 112.894 114.58 116.031 
108.069 110.964 113.347 115.347 117.047 118.511 
110.103 113.018 115.419 117.433 119.145 120.62 
111.854 114.787 117.203 119.229 120.953 122.435 

93.3372 96.723 99.5144 101.853 103.843 105.555 
96.723 100.152 102.977 105.346 107.36 109.093 
99.5137 102.977 105.831 108.225 110.259 112.011 
101.853 105.345 108.224 110.638 112.69 114.457 
103.843 107.36 110.259 112.69 114.757 116.536 
105.555 109.094 112.011 114.458 116.536 118.327 

87.3109 91.2779 94.547 97.2879 99.6196 101.626 
90.6213 94.6379 97.948 100.723 103.084 105.115 
93.3496 97.407 100.751 103.555 105.938 107.992 
95.6319 99.7286 103.101 105.928 108.332 110.404 
97.5821 101.703 105.099 107.946 110.369 112.454 
99.2566 103.403 106.819 109.685 112.121 114.22 

81.2849 85.8324 89.5804 92.7225 95.3949 97.6962 
84.5194 89.1247 92.9193 96.1007 98.8065 101.136 
87.1851 91.837 95.6709 98.8848 101.618 103.971 
89.4202 94.1113 97.9776 101.219 103.975 106.349 
91.3208 96.0455 99.9396 103.204 105.98 108.37 
92.9573 97.7109 101.629 104.913 107.706 110.111 

75.259 80.3869 84.614 88.1572 91.171 93.7651 
78.4177 83.6104 87.8907 91.4783 94.5296 97.1564 
81.0209 86.2667 90.5904 94.2153 97.2979 99.9516 
83.2036 88.4939 92.8543 96.5096 99.6185 102.295 
85.0601 90.3881 94.7794 98.4611 101.592 104.287 
86.6582 92.0185 96.4367 100.141 103.291 106.003 

69.2328 74.942 79.6469 83.5919 86.9468 89.8353 
72.3161 78.0967 82.8611 86.856 90.2527 93.1774 
74.8572 80.6967 85.5099 89.5452 92.9771 95.9328 
76.9876 82.8766 87.7305 91.8002 95.2614 98.2407 
78.7996 84.7306 89.6194 93.7179 97.2037 100.204 
80.3595 86.3271 91.245 95.369 98.876 101.894 

63.2073 69.4965 74.6807 79.0266 82.7229 85.9051 
66.2144 72.5832 77.8321 82.2329 85.9762 89.1983 
68.6933 75.1271 80.4294 84.8753 88.6562 91.9114 
70.7715 77.2598 82.6074 87.0906 90.9042 94.1863 
72.5391 79.0736 84.4591 88.9745 92.815 96.1211 
74.0608 80.6352 86.0538 90.5966 94.4606 97.7869 

57.1809 64.0516 69.7141 74.4616 78.4991 81.9749 
60.1143 67.0697 72.8034 77.6103 81.6986 85.218 
62.5299 69.5573 75.3495 80.2054 84.331 87.891 
64.5558 71.6429 77.484 82.3814 86.5464 90.1322 
66.2787 73.4165 79.2995 84.2316 88.4263 92.0381 
67.7617 74.9435 80.8625 85.8248 90.0451 93.6787 

51.1547 58.6065 64.7478 69.8963 74.2753 78.0448 
54.0113 61.5566 67.7746 72.988 77.4217 81.2374 
56.3656 63.9879 70.2695 75.536 80.0151 83.871 
58.3389 66.0263 72.361 77.6724 82.189 86.0779 
60.0176 67.7594 74.1398 79.489 84.038 87.9544 
61.4628 69.2514 75.6711 81.0541 85.6299 89.5703 

45.1287 53.1613 59.7816 65.3313 70.0514 74.115 
47.9096 56.0428 62.7461 68.365 73.144 77.2593 
50.2016 58.4179 65.1895 70.8665 75.6946 79.8508 
52.123 60.4088 67.2379 72.9631 77.8324 82.0236 
53.7571 62.1025 68.9799 74.7466 79.65 83.8714 
55.1638 63.5603 70.4799 76.2812 81.2151 85.4623 

39.1027 47.7159 54.8146 60.7665 65.8277 70.1849 
41.8079 50.5292 57.717 63.7434 68.8683 73.28 
44.0376 52.848 60.1091 66.1967 71.3741 75.8311 
45.9068 54.7917 62.1149 68.2536 73.4755 77.971 
47.4965 56.4448 63.8205 70.0033 75.2619 79.7887 
48.8648 57.8681 65.2888 71.5093 76.8002 81.3546 


116.768 117.239 117.627 117.953 118.229 118.475 
121.177 121.656 122.05 122.38 122.661 122.903 
124.812 125.296 125.695 126.029 126.317 126.558 
127.859 128.348 128.751 129.088 129.376 129.623 
130.451 130.944 131.35 131.69 131.981 132.229 
132.681 133.178 133.587 133.93 134.222 134.473 

110.877 111.916 112.772 113.49 114.1 114.626 
115.198 116.252 117.122 117.85 118.47 119.003 
118.759 119.828 120.706 121.443 122.071 122.61 
121.744 122.823 123.706 124.456 125.09 125.635 
124.284 125.371 126.268 127.019 127.658 128.208 
126.471 127.565 128.468 129.224 129.868 130.422 

104.986 106.593 107.918 109.026 109.971 110.783 
109.218 110.851 112.193 113.319 114.278 115.103 
112.706 114.357 115.717 116.858 117.828 118.663 
115.631 117.298 118.672 119.824 120.804 121.648 
118.118 119.8 121.184 122.347 123.335 124.186 
120.258 121.952 123.348 124.52 125.515 126.372 

99.0942 101.269 103.061 104.563 105.841 106.941 
103.238 105.445 107.263 108.789 110.086 111.203 
106.652 108.887 110.728 112.272 113.585 114.715 
109.516 111.773 113.637 115.192 116.518 117.66 
111.951 114.227 116.103 117.676 119.013 120.165 
114.048 116.34 118.23 119.814 121.16 122.32 

93.2025 95.9449 98.2051 100.1 101.712 103.099 
97.2577 100.042 102.336 104.259 105.894 107.302 
100.6 103.419 105.74 107.686 109.341 110.767 
103.402 106.249 108.593 110.56 112.233 113.677 
105.785 108.656 111.02 113.004 114.691 116.143 
107.836 110.729 113.11 115.108 116.807 118.27 

87.311 90.6214 93.3493 95.6366 97.582 99.2566 
91.2781 94.6378 97.4068 99.7287 101.704 103.403 
94.547 97.9487 100.751 103.101 105.099 106.819 
97.2877 100.723 103.555 105.929 107.947 109.684 
99.619 103.083 105.938 108.334 110.369 112.121 
101.626 105.115 107.991 110.404 112.453 114.219 

81.4195 85.2977 88.4939 91.1736 93.458 95.4141 
85.2976 89.2339 92.4781 95.1981 97.5112 99.5028 
88.4937 92.4785 95.7628 98.5155 100.857 102.873 
91.1735 95.1982 98.5153 101.296 103.661 105.697 
93.4526 97.5115 100.857 103.661 106.046 108.101 
95.4145 99.5028 102.872 105.697 108.099 110.169 

75.5282 79.9738 83.638 86.7101 89.3229 91.572 
79.3172 83.8302 87.5494 90.6679 93.3195 95.6026 
82.4406 87.0083 90.7733 93.9293 96.6146 98.9249 
85.0596 89.673 93.4763 96.6642 99.3757 101.71 
87.2857 91.9394 95.7747 98.9898 101.724 104.078 
89.2029 93.8901 97.753 100.992 103.746 106.117 

69.6365 74.6505 78.7824 82.2467 85.1933 87.7296 
73.3375 78.4264 82.6207 86.1373 89.1279 91.7025 
76.3876 81.5386 85.7846 89.3438 92.3712 94.9774 
78.9446 84.1487 88.4365 92.0322 95.0899 97.722 
81.1191 86.3669 90.6922 94.3186 97.4022 100.057 
82.9913 88.2773 92.6341 96.2864 99.3927 102.067 

63.7453 69.3266 73.9272 77.7836 81.0635 83.8872 
67.3573 73.0229 77.6921 81.6069 84.9361 87.8024 
70.3344 76.0695 80.7952 84.7579 88.1278 91.0293 
72.8304 78.623 83.398 87.4001 90.804 93.7346 
74.9531 80.7947 85.6098 89.6465 93.0799 96.0367 
76.7805 82.6649 87.5145 91.5808 95.039 98.0158 

57.854 64.0032 69.0712 73.3205 76.9339 80.0449 
61.3777 67.6199 72.7637 77.0766 80.7444 83.9023 
64.2819 70.5995 75.807 80.1721 83.885 87.0813 
66.7161 73.0969 78.3578 82.7684 86.518 89.7468 
68.7868 75.2231 80.5274 84.9702 88.7573 92.0137 
70.5694 77.0523 82.3956 86.8751 90.6856 93.965 

51.9625 58.6797 64.2158 68.8571 72.8047 76.2031 
55.3974 62.2159 67.8355 72.5454 76.553 80.002 
58.2284 65.1299 70.8179 75.5867 79.6422 83.1337 
60.6023 67.5731 73.3185 78.1356 82.233 85.759 
62.6211 69.6512 75.4456 80.3033 84.4351 87.9918 
64.3587 71.44 77.2764 82.1695 86.3313 89.9142 

46.0708 53.356 59.3602 64.3939 68.675 72.3608 
49.4174 56.8121 62.9068 68.0162 72.3614 76.1023 
52.1754 59.661 65.8292 71.001 75.3996 79.1859 
54.4878 62.0486 68.2796 73.5035 77.9466 81.7721 
56.4544 64.0795 70.3636 75.6322 80.1129 83.9703 
58.1469 65.828 72.1575 77.4642 81.9775 85.8632 

40.1793 48.0324 54.5045 59.9333 64.5454 68.5182 
43.4372 51.4083 57.9779 63.4858 68.1696 72.2022 
46.1224 54.1907 60.8406 66.4155 71.1567 75.2385 
48.3734 56.5234 63.2359 68.8711 73.6608 77.7838 
50.2881 58.5075 65.2817 70.9607 75.7909 79.9485 
51.9361 60.2151 67.0386 72.7591 77.6244 81.8122 

34.2879 42.7087 49.649 55.4675 60.4153 64.6759 
37.4573 46.0046 53.0493 58.9552 63.9783 68.3022 
40.0692 48.7211 55.8515 61.8299 66.914 71.2908 
42.2591 50.9984 58.2011 64.2399 69.3754 73.7962 
44.1217 52.9354 60.1993 66.2892 71.4686 75.9273 
45.7248 54.6026 61.9197 68.0535 73.2711 77.763 


110.069 110.529 110.908 111.227 111.491 111.73 
115.124 115.593 115.978 116.301 116.577 116.814 
119.291 119.766 120.157 120.485 120.765 121.005 
122.784 123.265 123.661 123.993 124.275 124.518 
125.755 126.24 126.64 126.976 127.261 127.506 
128.312 128.802 129.205 129.543 129.831 130.078 

104.312 105.327 106.164 106.865 107.462 107.975 
109.266 110.299 111.15 111.864 112.471 112.993 
113.35 114.396 115.261 115.984 116.6 117.129 
116.772 117.832 118.705 119.438 120.061 120.597 
119.683 120.753 121.636 122.376 123.005 123.546 
122.189 123.268 124.158 124.899 125.539 126.085 

98.556 100.125 101.419 102.504 103.427 104.221 
103.408 105.006 106.322 107.426 108.365 109.173 
107.407 109.027 110.363 111.483 112.435 113.255 
110.76 112.399 113.75 114.883 115.847 116.676 
113.613 115.267 116.631 117.771 118.749 119.586 
116.066 117.735 119.112 120.265 121.247 122.091 

92.7987 94.9232 96.6741 98.142 99.3911 100.466 
97.5493 99.7118 101.494 102.988 104.258 105.353 
101.465 103.658 105.465 106.981 108.27 109.379 
104.747 106.965 108.795 110.328 111.632 112.755 
107.539 109.779 111.626 113.176 114.492 115.626 
109.942 112.202 114.065 115.626 116.955 118.098 

87.0417 89.7221 91.9301 93.7813 95.3559 96.7113 
91.691 94.4178 96.6653 98.5497 100.152 101.532 
95.5227 98.2886 100.568 102.48 104.105 105.504 
98.7358 101.535 103.84 105.774 107.418 108.834 
101.467 104.294 106.622 108.575 110.236 111.666 
103.819 106.67 109.017 110.987 112.662 114.104 

81.285 84.5195 87.1852 89.4206 91.3214 92.9574 
85.8325 89.124 91.837 94.1113 96.0456 97.7108 
89.5804 92.9188 95.6707 97.9775 99.9394 101.629 
92.7224 96.1006 98.8856 101.219 103.204 104.913 
95.3955 98.8068 101.618 103.976 105.98 107.706 
97.6954 101.136 103.971 106.35 108.37 110.111 

75.5281 79.3174 82.4407 85.059 87.2858 89.2032 
79.9739 83.8303 87.0084 89.6731 91.9393 93.8901 
83.6381 87.5495 90.7735 93.4757 95.7745 97.7531 
86.71 90.6678 93.9294 96.6641 98.9906 100.993 
89.3228 93.3204 96.6138 99.3758 101.724 103.746 
91.572 95.6027 98.9247 101.71 104.078 106.117 

69.7716 74.1154 77.6959 80.698 83.2507 85.4483 
74.1155 78.5363 82.18 85.2349 87.8328 90.0696 
77.6959 82.18 85.8759 88.9741 91.6093 93.8776 
80.6975 85.2347 88.9742 92.1091 94.7757 97.3404 
83.2506 87.8326 91.6096 94.7763 97.4683 99.7865 
85.4483 90.0693 93.878 97.0706 99.7864 102.124 

64.0143 68.9139 72.9512 76.3363 79.2153 81.6939 
68.2573 73.2429 77.3515 80.7965 83.7264 86.2486 
71.7539 76.8107 80.9782 84.4725 87.4442 90.0026 
74.6855 79.8017 84.0188 87.5541 90.5612 93.1496 
77.1785 82.346 86.6047 90.1755 93.2127 95.8263 
79.3256 84.536 88.831 92.432 95.4942 98.1304 

58.2575 63.713 68.2067 71.9753 75.1802 77.9394 
62.3986 67.9491 72.5235 76.3582 79.62 82.4277 
65.8116 71.4413 76.0815 79.9707 83.279 86.1272 
68.6733 74.3691 79.0634 82.9994 86.3467 89.2286 
71.1066 76.859 81.6003 85.5751 88.9558 91.8663 
73.2003 79.0034 83.7841 87.793 91.2019 94.1369 

52.5004 58.5094 63.4621 67.6141 71.1452 74.1849 
56.5403 62.655 67.6949 71.9204 75.5138 78.607 
59.8695 66.0717 71.1821 75.4695 79.1137 82.2516 
62.6611 68.9361 74.1085 78.4445 82.1324 85.3072 
65.0347 71.3724 76.5958 80.975 84.6995 87.9059 
67.0786 73.4695 78.738 83.1536 86.9095 90.1432 

46.7437 53.3073 58.7171 63.2529 67.11 70.4306 
50.682 57.361 62.8672 67.482 71.4075 74.7863 
53.9276 60.7027 66.2861 70.9679 74.9492 78.3763 
56.6486 63.504 69.153 73.8899 77.9182 81.3861 
58.9627 65.8857 71.5915 76.3752 80.4434 83.9459 
60.9552 67.9366 73.6904 78.5154 82.6175 86.1494 

40.9867 48.1057 53.9724 58.8912 63.0751 66.6747 
44.8233 52.0677 58.0383 63.0437 67.3009 70.966 
47.9854 55.3332 61.3892 66.4659 70.7841 74.5011 
50.6362 58.0708 64.1982 69.3349 73.7042 77.465 
52.8909 60.3995 66.5872 71.7752 76.1878 79.9858 
54.8317 62.4038 68.6391 73.8756 78.3261 82.1559 

35.2297 42.9037 49.2255 54.53 59.0393 62.9218 
38.9648 46.7739 53.2098 58.6056 63.1944 67.145 
42.0431 49.9636 56.4916 61.9647 66.6188 70.6258 
44.6238 52.6379 59.243 64.7807 69.4896 73.5442 
46.8188 54.9125 61.583 67.1753 71.9314 76.0262 
48.708 56.8704 63.5975 69.2363 74.0333 78.1632 

29.4731 37.7014 44.4831 50.1689 55.0041 59.1669 
33.1064 41.4799 48.3815 54.1673 59.0881 63.3242 
36.1011 44.5942 51.5942 57.4629 62.4541 66.7504 
38.6115 47.205 54.2877 60.226 65.2757 69.6228 
40.7469 49.4256 56.5785 62.5755 67.6754 72.0659 
42.5848 51.3372 58.5505 64.5983 69.7413 74.1689 


103.37 103.82 104.19 104.501 104.765 104.992 
109.072 109.524 109.908 110.225 110.494 110.726 
113.77 114.236 114.62 114.942 115.216 115.452 
117.712 118.181 118.571 118.897 119.175 119.414 
121.063 121.537 121.931 122.261 122.542 122.783 
123.943 124.426 124.823 125.157 125.44 125.684 

97.7479 98.7392 99.5562 100.241 100.824 101.325 
103.334 104.346 105.179 105.878 106.473 106.985 
107.938 108.967 109.815 110.526 111.129 111.649 
111.799 112.841 113.7 114.42 115.032 115.559 
115.082 116.136 117.005 117.733 118.352 118.885 
117.908 118.972 119.849 120.584 121.209 121.747 

92.1265 93.659 94.9222 95.9819 96.8827 97.6584 
97.597 99.1615 100.451 101.532 102.452 103.243 
102.107 103.698 105.008 106.11 107.041 107.845 
105.888 107.5 108.829 109.942 110.889 111.705 
109.104 110.737 112.078 113.204 114.162 114.986 
111.872 113.513 114.874 116.011 116.979 117.812 

86.5031 88.5767 90.2882 91.7227 92.9422 93.9921 
91.8608 93.9783 95.7232 97.1856 98.4303 99.5015 
96.2762 98.4286 100.203 101.689 102.954 104.043 
99.9783 102.16 103.957 105.465 106.747 107.85 
103.126 105.332 107.151 108.675 109.972 111.088 
105.836 108.064 109.9 111.439 112.749 113.876 

80.8814 83.4979 85.6545 87.4627 89.0008 90.3246 
86.1238 88.7942 90.995 92.8402 94.4096 95.7603 
90.445 93.1592 95.3963 97.2717 98.867 100.241 
94.0676 96.8188 99.0863 100.988 102.604 103.995 
97.1486 99.9319 102.225 104.147 105.781 107.189 
99.8012 102.611 104.926 106.866 108.517 109.939 

75.2589 78.418 81.0215 83.2037 85.0598 86.6581 
80.3871 83.6104 86.2668 88.494 90.3887 92.0189 
84.6137 87.89 90.5903 92.8541 94.7794 96.4369 
88.1574 91.4782 94.215 96.5097 98.461 100.141 
91.1713 94.5296 97.2975 99.6185 101.593 103.291 
93.7651 97.1572 99.9516 102.295 104.287 106.003 

69.6367 73.3376 76.3876 78.9449 81.1197 82.9914 
74.6504 78.4264 81.5393 84.1481 86.367 88.2774 
78.7824 82.6207 85.7842 88.4365 90.6922 92.6339 
82.2467 86.1373 89.3439 92.0321 94.3183 96.2865 
85.1932 89.1279 92.3708 95.0899 97.4019 99.3927 
87.7294 91.703 94.9768 97.723 100.057 102.067 

64.0145 68.2572 71.754 74.6855 77.1787 79.3251 
68.9137 73.2426 76.8106 79.802 82.3461 84.5361 
72.9514 77.3519 80.9782 84.0188 86.6047 88.8309 
76.3367 80.7966 84.4725 87.5544 90.1758 92.4318 
79.2152 83.7264 87.4441 90.5613 93.2119 95.494 
81.6938 86.2484 90.0026 93.1495 95.8262 98.1313 

58.392 63.1768 67.1201 70.4261 73.2379 75.6583 
63.1766 68.059 72.0825 75.4558 78.3247 80.7947 
67.1203 72.0826 76.1725 79.6012 82.5174 85.028 
70.4261 75.4561 79.6011 83.0767 86.0326 88.5772 
73.2378 78.3247 82.5174 86.0326 89.022 91.5955 
75.6586 80.7944 85.0282 88.5771 91.5958 94.1941 

52.7696 58.0967 62.4863 66.1669 69.297 71.9919 
57.4399 62.8748 67.3545 71.1099 74.3038 77.0532 
61.2888 66.8135 71.3665 75.1838 78.4301 81.2248 
64.5158 70.1152 74.7303 78.5991 81.8896 84.7225 
67.2601 72.9234 77.5909 81.504 84.8319 87.6969 
69.6226 75.3408 80.0533 84.0045 87.3647 90.2579 

47.1474 53.0157 57.8525 61.9074 65.3562 68.3249 
51.7029 57.6913 62.6262 66.7625 70.2828 73.3118 
55.4577 61.5442 66.5608 70.7664 74.343 77.4222 
58.6057 64.7745 69.8588 74.1218 77.7468 80.8678 
61.2828 67.5217 72.6643 76.9754 80.6418 83.7985 
63.5874 69.8868 75.0791 79.4318 83.1341 86.3212 

41.5253 47.9355 53.2186 57.6481 61.4152 64.6583 
45.9661 52.5071 57.8989 62.4177 66.2615 69.5707 
49.6266 56.2749 61.7545 66.3488 70.2557 73.619 
52.6954 59.4339 64.9878 69.644 73.6043 77.0133 
55.3051 62.1207 67.738 72.4469 76.452 79.8997 
57.5516 64.4332 70.1047 74.8597 78.9035 82.385 

35.9028 42.8551 48.5852 53.3887 57.4743 60.9914 
40.2293 47.3235 53.1699 58.0718 62.2411 65.829 
43.7951 51.0059 56.9486 61.9309 66.1685 69.8163 
46.7848 54.0933 60.1168 65.1665 69.4613 73.1588 
49.3273 56.7191 62.8113 67.9188 72.2622 76.0016 
51.5158 58.9795 65.1305 70.2872 74.6732 78.4486 

30.2806 37.7746 43.9512 49.1297 53.5334 57.3246 
34.4925 42.1393 48.4417 53.7255 58.2195 62.0877 
37.9638 45.7366 52.1428 57.5135 62.0809 66.0133 
40.8743 48.7526 55.2455 60.689 65.3186 69.304 
43.3495 51.3174 57.8844 63.3901 68.0726 72.103 
45.4802 53.5255 60.1564 65.7149 70.4425 74.5125 

24.6584 32.6943 39.3173 44.8703 49.5928 53.6579 
28.7558 36.9554 43.7135 49.3793 54.1977 58.3465 
32.1327 40.4671 47.3367 53.0958 57.9937 62.2101 
34.9639 43.4118 50.3743 56.2116 61.1758 65.4494 
37.3719 45.9159 52.9578 58.8614 63.8824 68.2047 
39.4447 48.0716 55.1816 61.1427 66.2121 70.5762 


96.6714 97.11 97.4799 97.7747 98.0323 98.2547 
103.018 103.466 103.836 104.147 104.41 104.638 
108.248 108.709 109.083 109.399 109.667 109.899 
112.634 113.098 113.481 113.802 114.082 114.309 
116.363 116.834 117.221 117.546 117.822 118.06 
119.574 120.05 120.441 120.77 121.05 121.29 

91.1776 92.151 92.9484 93.617 94.1856 94.6751 
97.4026 98.3925 99.2085 99.8927 100.475 100.975 
102.531 103.537 104.368 105.065 105.659 106.169 
106.826 107.849 108.694 109.401 110.003 110.521 
110.48 111.518 112.373 113.089 113.698 114.224 
113.627 114.675 115.54 116.264 116.88 117.411 

85.6959 87.1923 88.4256 89.4608 90.339 91.096 
91.7874 93.3196 94.5806 95.6388 96.5385 97.3132 
96.8077 98.3677 99.6534 100.731 101.648 102.44 
101.016 102.601 103.907 105.001 105.932 106.733 
104.597 106.202 107.524 108.632 109.575 110.387 
107.679 109.3 110.638 111.758 112.712 113.533 

80.2082 82.2334 83.9026 85.3025 86.4927 87.5172 
86.1718 88.2443 89.9509 91.3847 92.6038 93.6531 
91.0875 93.1988 94.9392 96.3975 97.6384 98.7065 
95.2155 97.3527 99.1191 100.601 101.86 102.945 
98.7138 100.886 102.675 104.175 105.452 106.55 
101.732 103.926 105.735 107.252 108.541 109.653 

74.7207 77.2749 79.3803 81.145 82.6459 83.9381 
80.5573 83.1705 85.3244 87.1305 88.6664 89.9886 
85.3675 88.03 90.2246 92.0641 93.6289 94.9762 
89.4005 92.104 94.3323 96.2005 97.7894 99.1566 
92.8303 95.5689 97.826 99.7183 101.328 102.713 
95.7831 98.5517 100.834 102.747 104.373 105.774 

69.2328 72.3163 74.8575 76.9877 78.7997 80.3594 
74.9418 78.097 80.6972 82.8767 84.7305 86.3263 
79.6471 82.8616 85.5099 87.7307 89.6195 91.2452 
83.5919 86.8554 89.5452 91.8001 93.7177 95.3687 
86.947 90.2529 92.9769 95.261 97.2037 98.8759 
89.8353 93.1769 95.9313 98.2404 100.205 101.896 

63.7451 67.3573 70.3345 72.8306 74.9533 76.7805 
69.3268 73.023 76.0692 78.6233 80.7953 82.6596 
73.927 77.6922 80.7955 83.3972 85.6098 87.5146 
77.7835 81.6071 84.7579 87.3997 89.647 91.5808 
81.0635 84.9364 88.128 90.8041 93.0797 95.0389 
83.8873 87.8024 91.0293 93.7343 96.0352 98.0158 

58.2582 62.3987 65.8116 68.6731 71.1071 73.2016 
63.7124 67.949 71.4414 74.3693 76.8593 79.0031 
68.207 72.5234 76.0811 79.0637 81.6005 83.7841 
71.9753 76.3582 79.971 82.9995 85.5752 87.7927 
75.1805 79.6199 83.279 86.3469 88.9558 91.2021 
77.9393 82.4277 86.1272 89.2285 91.8661 94.1368 

52.7697 57.4399 61.2889 64.5157 67.2599 69.6227 
58.0967 62.875 66.8133 70.1152 72.9236 75.3409 
62.4862 67.3544 71.3666 74.7302 77.5908 80.0534 
66.167 71.1099 75.1837 78.5997 81.504 84.0045 
69.2968 74.304 78.4301 81.8897 84.8321 87.3648 
71.9916 77.0533 81.2249 84.7225 87.697 90.2578 

47.282 52.4809 56.7659 60.3585 63.4135 66.0436 
52.4809 57.8009 62.1854 65.8614 68.9874 71.679 
56.7662 62.1855 66.6505 70.3968 73.5812 76.3229 
60.3585 65.8615 70.3968 74.1987 77.4325 80.2167 
63.4139 68.9874 73.5814 77.4326 80.7081 83.5278 
66.0437 71.6788 76.3231 80.2164 83.5278 86.3787 

41.7944 47.5223 52.2429 56.201 59.5672 62.4648 
46.8658 52.7268 57.5574 61.6072 65.0518 68.0167 
51.0455 57.0166 61.9375 66.0631 69.5721 72.5924 
54.5499 60.6128 65.6096 69.7987 73.3614 76.4283 
57.5306 63.6714 68.7324 72.9757 76.5848 79.6908 
60.096 66.3041 71.421 75.7111 79.3586 82.4994 

36.3067 42.5633 47.7202 52.0434 55.7207 58.886 
41.2508 47.6531 52.9294 57.3533 61.1157 64.3546 
45.3252 51.8471 57.2231 61.7295 65.5621 68.8622 
48.7417 55.364 60.8224 65.3985 69.2903 72.6404 
51.6449 58.3552 63.8837 68.5186 72.4606 75.8542 
54.1483 60.9299 66.5188 71.2048 75.1901 78.6203 

30.819 37.6049 43.1974 47.8861 51.8738 55.3069 
35.6354 42.5789 48.3014 53.0993 57.1797 60.693 
39.6049 46.6787 52.5081 57.3962 61.5525 65.1309 
42.933 50.1156 56.0349 60.9981 65.2189 68.8524 
45.7635 53.0388 59.0347 64.0617 68.3366 72.0173 
48.2004 55.5552 61.6171 66.6987 71.0208 74.7415 

25.3312 32.646 38.6747 43.7289 48.0267 51.7279 
30.0202 37.505 43.6739 48.8457 53.2437 57.0302 
33.8848 41.5097 47.7936 53.0622 57.5434 61.4004 
37.1247 44.8669 51.248 56.5976 61.1475 65.064 
39.8803 47.7225 54.1858 59.6039 64.213 68.1801 
42.2523 50.1806 56.7146 62.1932 66.8517 70.8625 

19.8436 27.6873 34.1518 39.5715 44.1809 48.1489 
24.405 32.4308 39.0456 44.5915 49.3079 53.3681 
28.1646 36.3406 43.0792 48.7285 53.5333 57.6699 
31.3164 39.6183 46.4608 52.1974 57.0761 61.2761 
33.9969 42.4061 49.3369 55.1474 60.089 64.3423 
36.3047 44.806 51.8126 57.687 62.683 66.9836 


89.9724 90.4002 90.7529 91.0485 91.2999 91.5164 
96.9646 97.4038 97.7666 98.0695 98.3274 98.5496 
102.727 103.176 103.545 103.855 104.119 104.345 
107.559 108.015 108.391 108.706 108.974 109.205 
111.668 112.131 112.512 112.832 113.104 113.338 
115.205 115.674 116.059 116.383 116.658 116.895 

84.6189 85.563 86.3409 86.9931 87.5477 88.0252 
91.4708 92.4393 93.2377 93.9069 94.4762 94.9662 
97.118 98.107 98.9221 99.6054 100.187 100.687 
101.852 102.859 103.688 104.383 104.976 105.484 
105.879 106.9 107.741 108.447 109.046 109.562 
109.345 110.379 111.23 111.944 112.551 113.074 

79.2661 80.7259 81.9289 82.9372 83.7951 84.5336 
85.9785 87.4754 88.7105 89.7452 90.6255 91.3834 
91.5085 93.0392 94.2995 95.3559 96.2547 97.0286 
96.1456 97.7029 98.9848 100.069 100.975 101.761 
100.09 101.669 102.97 104.06 104.988 105.787 
103.486 105.084 106.401 107.505 108.444 109.252 

73.9132 75.8887 77.5172 78.8823 80.0434 81.0429 
80.4838 82.5112 84.1822 85.5835 86.775 87.8006 
85.8989 87.9695 89.6755 91.1049 92.3233 93.3712 
90.4395 92.5456 94.2815 95.7364 96.9752 98.0398 
94.301 96.4378 98.1981 99.6754 100.93 102.012 
97.6253 99.7884 101.572 103.065 104.336 105.431 

68.5603 71.0517 73.1054 74.8271 76.2911 77.5518 
74.9904 77.5474 79.6549 81.4217 82.9241 84.2177 
80.2902 82.9008 85.0523 86.8565 88.3909 89.7117 
84.7332 87.3892 89.5782 91.4136 92.9746 94.3184 
88.5121 91.2066 93.4275 95.2892 96.8727 98.2355 
91.7653 94.4929 96.741 98.626 100.229 101.609 

63.2068 66.2146 68.6937 70.7716 72.5392 74.0607 
69.4966 72.5835 75.1273 77.2599 79.0738 80.6351 
74.6806 77.8324 80.4297 82.6074 84.4591 86.0535 
79.0267 82.233 84.8754 87.0907 88.9745 90.5969 
82.7233 85.9755 88.6564 90.9037 92.815 94.4605 
85.9051 89.1976 91.9114 94.1862 96.1211 97.7868 

57.8538 61.3776 64.2814 66.7164 68.7871 70.5695 
64.0031 67.6191 70.5995 73.0982 75.2233 77.0525 
69.0712 72.7621 75.8067 78.3581 80.5277 82.3956 
73.3204 77.0766 80.1724 82.7678 84.9751 86.8752 
76.9339 80.7445 83.8854 86.5181 88.7575 90.6851 
80.045 83.9024 87.0815 89.7471 92.0137 93.9711 

52.5005 56.5405 59.8697 62.6612 65.0347 67.0787 
58.5094 62.6551 66.0717 68.9356 71.373 73.4696 
63.462 67.6949 71.1837 74.1087 76.596 78.7376 
67.6142 71.9203 75.4693 78.4447 80.9755 83.1542 
71.1452 75.5134 79.1143 82.1328 84.6999 86.9096 
74.1851 78.607 82.2516 85.3074 87.906 90.1435 

47.1474 51.7028 55.4577 58.6057 61.2834 63.587 
53.0158 57.691 61.5442 64.7744 67.5217 69.8869 
57.853 62.6263 66.5605 69.859 72.6644 75.0792 
61.9084 66.7638 70.7664 74.1218 76.9754 79.4321 
65.3564 70.2829 74.3427 77.7469 80.6419 83.1344 
68.3252 73.3121 77.4219 80.8678 83.7985 86.3214 

41.7944 46.8658 51.0455 54.55 57.5305 60.0961 
47.5223 52.7267 57.0164 60.6127 63.6712 66.304 
52.2431 57.5574 61.9374 65.6095 68.7324 71.421 
56.2015 61.6076 66.063 69.799 72.9756 75.7107 
59.567 65.0518 69.572 73.3614 76.5842 79.3588 
62.4648 68.0168 72.5925 76.4283 79.6909 82.4995 

36.4413 42.0287 46.6337 50.4945 53.7778 56.6051 
42.0288 47.7628 52.4885 56.4508 59.8206 62.7214 
46.6337 52.4886 57.3142 61.3598 64.8007 67.7626 
50.4944 56.4513 61.3601 65.4756 68.9761 71.9891 
53.7778 59.8205 64.8008 68.9759 72.5267 75.5833 
56.605 62.7213 67.7625 71.9892 75.5837 78.6776 

31.0882 37.1917 42.2219 46.4392 50.0256 53.1135 
36.5353 42.7985 47.9608 52.2888 55.9701 59.1387 
41.0244 47.4202 52.691 57.1103 60.8688 64.1043 
44.7883 51.2943 56.6572 61.1525 64.9759 68.2675 
47.9891 54.5894 60.0294 64.5903 68.469 71.8081 
50.745 57.4258 62.9336 67.5496 71.4755 74.8559 

25.735 32.3544 37.8101 42.3839 46.2736 49.6222 
31.0415 37.8345 43.4333 48.1271 52.119 55.5558 
35.4151 42.3513 48.0683 52.8607 56.9369 60.4459 
39.0815 46.1382 51.9534 56.8299 60.9761 64.5456 
42.2 49.3585 55.258 60.2045 64.4121 68.0326 
44.8846 52.131 58.1033 63.1101 67.3684 71.0343 

20.3819 27.5173 33.3983 38.3285 42.5216 46.1307 
25.5479 32.8706 38.9058 43.9654 48.2684 51.9729 
29.8056 37.2826 43.4451 48.6115 53.005 56.7884 
33.3753 40.9809 47.2504 52.5061 56.9766 60.8243 
36.411 44.1273 50.4871 55.8195 60.3534 64.2577 
39.0245 46.8358 53.2735 58.6707 63.2608 67.2125 

15.0287 22.6801 28.9862 34.273 38.7696 42.6399 
20.0543 27.9065 34.378 39.8035 44.4178 48.3901 
24.1963 32.2139 38.8212 44.3619 49.0735 53.1293 
27.6689 35.8252 42.5474 48.1831 52.9762 57.1031 
30.6221 38.8963 45.7159 51.4333 56.2956 60.4816 
33.1644 41.5403 48.4438 54.2312 59.1534 63.3906 


83.2734 83.6905 84.0343 84.3226 84.5677 84.7787 
90.9113 91.3407 91.6946 91.9913 92.2436 92.4609 
97.2063 97.6464 98.0091 98.3122 98.5699 98.7923 
102.484 102.932 103.301 103.61 103.874 104.1 
106.973 107.428 107.803 108.117 108.384 108.615 
110.836 111.298 111.678 111.997 112.268 112.501 

78.0545 78.9738 79.7332 80.3689 80.9096 81.3753 
85.539 86.4864 87.2677 87.922 88.4786 88.9578 
91.7077 92.677 93.4761 94.146 94.7157 95.2061 
96.8792 97.8674 98.6818 99.3646 99.9453 100.445 
101.278 102.282 103.11 103.803 104.393 104.902 
105.064 106.082 106.921 107.624 108.222 108.737 

72.8367 74.2594 75.4321 76.4158 77.2529 77.9716 
80.1674 81.6322 82.8396 83.8512 84.712 85.4535 
86.2094 87.7087 88.9445 89.9805 90.8616 91.6201 
91.2748 92.8036 94.0636 95.1194 96.0168 96.7899 
95.5823 97.1364 98.4156 99.4889 100.402 101.187 
99.2922 100.866 102.163 103.251 104.178 104.972 

67.6179 69.5439 71.1315 72.4625 73.5941 74.5684 
74.7956 76.778 78.4122 79.7822 80.9472 81.95 
80.711 82.74 84.4128 85.8151 87.0077 88.0342 
85.67 87.7388 89.4434 90.873 92.0886 93.135 
89.8879 91.99 93.7224 95.1743 96.4104 97.4726 
93.5197 95.6498 97.4055 98.8782 100.13 101.208 

62.3994 64.8285 66.8304 68.5088 69.9362 71.1653 
69.4236 71.9242 73.9849 75.7126 77.1818 78.4469 
75.2127 77.772 79.8812 81.6497 83.1535 84.4483 
80.0662 82.6746 84.8243 86.6266 88.1602 89.4796 
84.1942 86.8443 89.0287 90.8606 92.4181 93.7592 
87.7476 90.4342 92.6484 94.5049 96.0837 97.4428 

57.1808 60.1129 62.5294 64.5555 66.2785 67.7617 
64.0514 67.0699 69.5575 71.6431 73.4166 74.9436 
69.714 72.8037 75.3497 77.4843 79.2997 80.8625 
74.4616 77.6106 80.2059 82.3814 84.2315 85.8245 
78.499 81.6989 84.3361 86.5464 88.4263 90.045 
81.9751 85.2182 87.8914 90.1324 92.038 93.6787 

51.9624 55.3972 58.2284 60.6019 62.6206 64.3584 
58.68 62.2157 65.1299 67.5732 69.6513 71.4401 
64.2157 67.835 70.8183 73.3187 75.4457 77.2767 
68.8571 72.5465 75.5867 78.1359 80.3038 82.1698 
72.8046 76.5531 79.6424 82.2325 84.4356 86.3314 
76.2026 80.0026 83.1338 85.7593 87.9922 89.9145 

46.7433 50.6819 53.9274 56.6485 58.9628 60.955 
53.3074 57.3616 60.7026 63.5035 65.8858 67.9366 
58.7171 62.8665 66.2861 69.1531 71.5918 73.6906 
63.2527 67.482 70.9677 73.8901 76.3753 78.515 
67.1096 71.4074 74.9491 77.9182 80.4437 82.6177 
70.4306 74.7863 78.3764 81.3862 83.946 86.1497 

41.5252 45.9659 49.6265 52.695 55.3047 57.5514 
47.9354 52.5071 56.275 59.4341 62.1204 64.433 
53.2188 57.8981 61.7546 64.9877 67.7375 70.1047 
57.6482 62.4178 66.3488 69.6441 72.4472 74.8597 
61.4155 66.2615 70.2559 73.6043 76.4521 78.9036 
64.6583 69.5708 73.6189 77.0132 79.9002 82.3851 

36.3067 41.2507 45.3249 48.7417 51.6471 54.1481 
42.5632 47.6528 51.8475 55.3639 58.3553 60.9292 
47.7203 52.9293 57.2229 60.8224 63.8834 66.5186 
52.0436 57.3534 61.7294 65.3984 68.5186 71.2047 
55.7207 61.1159 65.5645 69.2902 72.4606 75.19 
58.8858 64.3546 68.8619 72.6404 75.8538 78.6205 

31.0886 36.5352 41.0244 44.7879 47.9891 50.7444 
37.1916 42.7985 47.4199 51.2943 54.5894 57.4264 
42.2219 47.9608 52.6909 56.6567 60.0295 62.9328 
46.4391 52.2889 57.1103 61.1531 64.5902 67.5496 
50.0256 55.97 60.8688 64.9759 68.4693 71.4761 
53.1135 59.1385 64.1044 68.2675 71.808 74.8559 

25.8696 31.8196 36.7235 40.8349 44.331 47.3413 
31.8197 37.9446 42.9924 47.2246 50.8238 53.9225 
36.7235 42.9925 48.1594 52.4911 56.1755 59.347 
40.8347 47.225 52.4912 56.9066 60.6625 63.8945 
44.3312 50.8239 56.1755 60.6619 64.4773 67.7622 
47.3414 53.9226 59.3467 63.8946 67.762 71.0915 

20.651 27.1041 32.4229 36.8813 40.6734 43.9377 
26.4476 33.0904 38.5652 43.1549 47.0586 50.419 
31.225 38.024 43.6276 48.3257 52.3211 55.7609 
35.2303 42.1604 47.8719 52.6604 56.7333 60.2393 
38.6364 45.6785 51.4818 56.3478 60.4858 64.048 
41.5691 48.7072 54.5894 59.5214 63.7162 67.327 

15.4324 22.3885 28.1215 32.9279 37.0155 40.5346 
21.0756 28.2362 34.1377 39.0855 43.2932 46.9157 
25.7265 33.0556 39.0961 44.1603 48.4671 52.1748 
29.6258 37.0963 43.2533 48.4153 52.8049 56.5841 
32.942 40.5324 46.7885 52.0333 56.4943 60.3343 
35.7965 43.4907 49.8321 55.1483 59.67 63.5626 

10.2139 17.6729 23.8205 28.9746 33.3577 37.1311 
15.7036 23.3819 29.7102 35.0157 39.5281 43.4122 
20.2281 28.0872 34.5643 39.9946 44.6131 48.5888 
24.0213 32.0319 38.634 44.1693 48.8768 52.929 
27.2473 35.3868 42.0951 47.7192 52.5023 56.6204 
30.0245 38.2748 45.0746 50.7756 55.6237 59.7978 


76.5743 76.9806 77.3156 77.5964 77.8352 78.0408 
84.8581 85.2778 85.6237 85.9136 86.1602 86.3725 
91.6852 92.1159 92.4708 92.7683 93.0214 93.2392 
97.4093 97.8494 98.2119 98.5151 98.7736 98.9961 
102.277 102.724 103.093 103.402 103.666 103.892 
106.468 106.922 107.297 107.618 107.877 108.107 

71.4906 72.387 73.1252 73.7447 74.2717 74.7251 
79.6074 80.5331 81.2963 81.936 82.48 82.9481 
86.2975 87.2473 88.0301 88.6868 89.2451 89.7256 
91.9063 92.8764 93.676 94.3463 94.9193 95.4073 
96.6763 97.6637 98.4717 99.1597 99.7401 100.24 
100.783 101.786 102.612 103.304 103.893 104.4 

66.4067 67.7931 68.9355 69.8935 70.7084 71.4096 
74.3577 75.7891 76.9691 77.9584 78.8001 79.5238 
80.9101 82.3793 83.5905 84.6057 85.4682 86.2117 
86.4039 87.9043 89.141 90.1778 91.0596 91.8187 
91.0761 92.6037 93.8622 94.9178 95.8153 96.5871 
95.0979 96.6491 97.9259 98.9969 99.9082 100.693 

61.3225 63.1989 64.7456 66.0422 67.1449 68.0941 
69.107 71.0449 72.6422 73.9812 75.1201 76.0999 
75.5229 77.5111 79.1499 80.5239 81.6923 82.6987 
80.9023 82.9321 84.6059 86.0093 87.2027 88.2305 
85.4754 87.5427 89.2459 90.6746 91.8891 92.9352 
89.4134 91.5118 93.2409 94.6903 95.9234 96.9848 

56.2387 58.6049 60.5553 62.1904 63.581 64.7785 
63.8568 66.3007 68.3149 70.0034 71.4397 72.6761 
70.1353 72.6429 74.7098 76.4425 77.9161 79.1847 
75.399 77.9603 80.0721 81.8408 83.3457 84.6415 
79.8756 82.4822 84.6303 86.4313 87.9637 89.282 
83.7294 86.3752 88.5557 90.384 91.9391 93.2776 

51.1547 54.0113 56.3654 58.339 60.0176 61.4627 
58.6062 61.5564 63.9875 66.0255 67.7596 69.2518 
64.7475 67.7747 70.2696 72.361 74.14 75.6712 
69.8964 72.9882 75.5361 77.6723 79.4892 81.054 
74.2754 77.422 80.0154 82.1892 84.0381 85.6297 
78.0448 81.2378 83.8711 86.0777 87.9543 89.57 

46.0707 49.4172 52.1753 54.4878 56.4542 58.147 
53.3559 56.8119 59.6604 62.0484 64.0792 65.8272 
59.3604 62.9065 65.8291 68.2795 70.3637 72.1575 
64.3929 68.0158 71.0014 73.5038 75.6323 77.4646 
68.675 72.3617 75.3996 77.9468 80.1132 81.9778 
72.3606 76.1023 79.1861 81.7717 83.9703 85.8632 

40.9867 44.8233 47.9852 50.6361 52.8907 54.8312 
48.1059 52.0677 55.3331 58.0707 60.3991 62.4036 
53.9724 58.0384 61.389 64.1979 66.5871 68.644 
58.8914 63.0437 66.4659 69.335 71.7755 73.8758 
63.0748 67.3009 70.784 73.7042 76.1876 78.3256 
66.676 70.966 74.5012 77.4652 79.986 82.156 

35.9029 40.2293 43.7951 46.7846 49.3271 51.5158 
42.8551 47.323 51.006 54.0933 56.7189 58.9793 
48.5849 53.1697 56.9486 60.1171 62.811 65.1302 
53.3888 58.0716 61.9317 65.1665 67.9183 70.2873 
57.4744 62.2405 66.1685 69.4613 72.2624 74.6732 
60.9917 65.8291 69.8163 73.1589 76.0016 78.4486 

30.819 35.6354 39.6051 42.933 45.7635 48.2002 
37.6048 42.5788 46.6784 50.1158 53.0386 55.5552 
43.1973 48.3015 52.508 56.0351 59.0349 61.6176 
47.8861 53.0992 57.3959 60.9981 64.0614 66.6986 
51.8739 57.1798 61.5526 65.2189 68.3367 71.0208 
55.3072 60.6924 65.1311 68.8524 72.0171 74.7417 

25.735 31.0416 35.415 39.0816 42.1999 44.8846 
32.3543 37.8347 42.3512 46.1379 49.3587 52.131 
37.81 43.4332 48.0679 51.9534 55.258 58.1034 
42.3838 48.1272 52.8606 56.8293 60.2047 63.1101 
46.2736 52.1191 56.9369 60.976 64.4113 67.3684 
49.6222 55.556 60.446 64.5458 68.0327 71.0346 

20.651 26.4476 31.2251 35.2302 38.6366 41.5689 
27.104 33.0902 38.0242 42.1605 45.6783 48.7067 
32.4225 38.5652 43.6277 47.8721 51.4818 54.5893 
36.8814 43.155 48.3257 52.6606 56.3478 59.5216 
40.6734 47.0566 52.3212 56.7333 60.4858 63.7161 
43.9378 50.4187 55.7611 60.2394 64.048 67.3267 

15.567 21.8536 27.0349 31.3789 35.073 38.2534 
21.8536 28.346 33.6971 38.183 41.9982 45.2827 
27.0349 33.697 39.1876 43.7906 47.7056 51.0757 
31.3788 38.183 43.7906 48.4922 52.4905 55.933 
35.0731 41.9981 47.7059 52.4906 56.5602 60.0636 
38.2531 45.2828 51.0757 55.933 60.0637 63.6195 

10.4831 17.2597 22.8447 27.5273 31.5096 34.9378 
16.6033 23.6018 29.3696 34.2054 38.3181 41.8585 
21.6473 28.8287 34.7473 39.7094 43.9292 47.5622 
25.8761 33.2108 39.2556 44.3236 48.6337 52.3441 
29.4728 36.9377 43.0902 48.2482 52.6347 56.4111 
32.5689 40.146 46.3908 51.6262 56.0793 59.9124 

5.3991 12.6657 18.6547 23.6758 27.9461 31.6222 
11.3529 18.8574 25.0425 30.2279 34.6378 38.4344 
16.2598 23.9603 30.307 35.6277 40.1531 44.0485 
20.3737 28.2387 34.7207 40.155 44.7768 48.7552 
23.8724 31.8771 38.4744 44.0055 48.7095 52.7587 
26.8844 35.0094 41.7057 47.3198 52.0944 56.2051 


69.8754 70.2704 70.5967 70.8702 71.1026 71.3028 
78.8046 79.2148 79.5527 79.8357 80.0766 80.284 
86.1643 86.5858 86.9335 87.2249 87.4727 87.6861 
92.3341 92.7657 93.1215 93.4201 93.6738 93.8921 
97.5817 98.0216 98.3841 98.6882 98.9469 99.1694 
102.098 102.546 102.914 103.224 103.486 103.713 

64.9274 65.7988 66.5179 67.1207 67.6335 68.0746 
73.6761 74.58 75.3252 75.9503 76.4817 76.939 
80.887 81.8175 82.5842 83.2271 83.7737 84.2443 
86.9334 87.8853 88.67 89.328 89.8875 90.3693 
92.0751 93.0458 93.846 94.5168 95.0901 95.5784 
96.5022 97.4884 98.2986 98.9835 99.5634 100.063 

59.9769 61.3266 62.4388 63.3714 64.1645 64.8487 
68.5475 69.9462 71.0988 72.0652 72.8869 73.5943 
75.6111 77.0497 78.2357 79.23 80.0751 80.803 
81.5333 83.0055 84.2192 85.237 86.102 86.8474 
86.5693 88.071 89.3082 90.3456 91.228 91.9875 
90.905 92.4313 93.689 94.7438 95.641 96.4131 

55.0274 56.8542 58.3599 59.622 60.6955 61.6196 
63.4186 65.3116 66.8718 68.1798 69.2922 70.2496 
70.3344 72.2818 73.8869 75.2327 76.377 77.3622 
76.1326 78.1256 79.7688 81.146 82.3169 83.3253 
81.0633 83.0953 84.7702 86.1745 87.3686 88.397 
85.3078 87.3735 89.0762 90.5036 91.7176 92.7629 

50.0781 52.3818 54.2807 55.8724 57.2263 58.3919 
58.2895 60.677 62.6447 64.294 65.6971 66.9049 
65.0578 67.514 69.5381 71.2351 72.6782 73.921 
70.732 73.2456 75.3175 77.0544 78.5314 79.8037 
75.5576 78.1204 80.2325 82.0033 83.5092 84.8057 
79.7117 82.3166 84.4635 86.2631 87.7945 89.1124 

45.1286 47.9097 50.2014 52.123 53.757 55.1638 
53.161 56.0427 58.4173 60.4086 62.1022 63.5599 
59.7811 62.7458 65.1892 67.2379 68.98 70.4798 
65.3311 68.3656 70.8668 72.9631 74.7464 76.2814 
70.0513 73.1452 75.6947 77.8322 79.6502 81.215 
74.115 77.2596 79.8511 82.0238 83.8715 85.462 

40.1792 43.4371 46.1222 48.3736 50.2878 51.936 
48.0319 51.4081 54.1909 56.5234 58.5069 60.2151 
54.5045 57.9779 60.8404 63.2404 65.2813 67.0385 
59.931 63.4851 66.4153 68.8719 70.9611 72.7591 
64.5454 68.1697 71.1572 73.6611 75.7909 77.6244 
68.5183 72.2026 75.2386 77.7841 79.9489 81.8125 

35.2299 38.9648 42.043 44.6237 46.8186 48.7084 
42.9033 46.7737 49.9634 52.6379 54.9128 56.8703 
49.2256 53.2091 56.4915 59.2429 61.5828 63.5973 
54.53 58.6057 61.9646 64.7802 67.1751 69.2372 
59.0395 63.1945 66.6187 69.4897 71.9317 74.0334 
62.9216 67.145 70.6258 73.5442 76.026 78.1627 

30.2806 34.4924 37.9639 40.8743 43.3494 45.4802 
37.7747 42.1396 45.7367 48.7524 51.3172 53.5254 
43.9509 48.4415 52.1425 55.2455 57.8844 60.156 
49.1294 53.7252 57.5135 60.6896 63.3894 65.7148 
53.5334 58.2192 62.0811 65.3185 68.0721 70.443 
57.3248 62.0878 66.0132 69.3041 72.1034 74.5108 

25.3312 30.0203 33.8848 37.1247 39.8802 42.2522 
32.646 37.5048 41.5094 44.867 47.7224 50.1805 
38.6748 43.6736 47.7937 51.248 54.1857 56.7148 
43.7288 48.8453 53.062 56.5977 59.6047 62.1929 
48.0268 53.2437 57.543 61.1475 64.2128 66.8516 
51.7279 57.0303 61.4003 65.0643 68.1801 70.8625 

20.3818 25.5479 29.8057 33.3753 36.4111 39.0245 
27.5173 32.8706 37.2825 40.9814 44.1273 46.8356 
33.3983 38.9058 43.4449 47.2507 50.4871 53.2728 
38.3285 43.9654 48.6112 52.5061 55.8189 58.6708 
42.521 48.2685 53.0049 56.9762 60.3536 63.2609 
46.1315 51.9729 56.7876 60.8241 64.2572 67.2125 

15.4325 21.0756 25.7266 29.6258 32.942 35.7967 
22.3885 28.2362 33.0556 37.0961 40.5323 43.4906 
28.1215 34.1376 39.0962 43.2531 46.7886 49.8322 
32.9279 39.0855 44.1602 48.4149 52.0333 55.1483 
37.0156 43.2932 48.4672 52.8048 56.4943 59.6701 
40.5346 46.916 52.1749 56.5842 60.3349 63.5625 

10.4832 16.6033 21.6473 25.8762 29.4727 32.5689 
17.2597 23.6017 28.8287 33.2108 36.9376 40.146 
22.8449 29.3696 34.7473 39.2558 43.0901 46.3906 
27.5273 34.2055 39.7094 44.3236 48.248 51.6263 
31.5096 38.3181 43.9293 48.6337 52.6346 56.0792 
34.9377 41.8584 47.5625 52.3442 56.4111 59.9123 

5.53369 12.1309 17.5682 22.1267 26.0036 29.341 
12.1309 18.9672 24.6016 29.3254 33.3427 36.8012 
17.5682 24.6016 30.3983 35.2584 39.3915 42.9496 
22.1267 29.3254 35.2583 40.2324 44.4626 48.1042 
26.0036 33.3427 39.3914 44.4626 48.7753 52.4881 
29.3411 36.8012 42.9498 48.1042 52.4881 56.2623 

0.584292 7.65858 13.4893 18.3772 22.5344 26.1132 
7.00214 14.3328 20.3745 25.4399 29.7478 33.4563 
12.2916 19.8336 26.0495 31.2608 35.693 39.5084 
16.7262 24.4453 30.8073 36.1411 40.6772 44.5821 
20.4976 28.3675 34.8536 40.2913 44.9161 48.8971 
23.7442 31.7439 38.3372 43.8645 48.5653 52.6121 


63.1763 63.5614 63.8787 64.1446 64.3707 64.5653 
72.7514 73.1515 73.4814 73.7581 73.9932 74.1957 
80.6431 81.0559 81.3962 81.6815 81.9242 82.133 
87.2592 87.6826 88.0316 88.3242 88.5731 88.7874 
92.886 93.3188 93.6749 93.9738 94.2281 94.4469 
97.7297 98.1702 98.5329 98.8371 99.096 99.3186 

58.3619 59.2107 59.9105 60.4969 60.9959 61.4254 
67.744 68.6269 69.3544 69.9641 70.483 70.9297 
75.4776 76.388 77.1386 77.7682 78.3037 78.7641 
81.9601 82.8946 83.6646 84.31 84.859 85.3316 
87.4741 88.4282 89.2146 89.8736 90.4343 90.917 
92.2205 93.1918 93.9923 94.6635 95.2371 95.7257 

53.5471 54.8601 55.9422 56.8494 57.621 58.2853 
62.737 64.1026 65.2278 66.1713 66.9735 67.6643 
70.312 71.7207 72.8816 73.8548 74.6828 75.3954 
76.662 78.1068 79.2976 80.2956 81.1444 81.8757 
82.0624 83.5382 84.7542 85.775 86.6352 87.388 
86.7116 88.2143 89.4521 90.4901 91.3729 92.1328 

48.7323 50.5094 51.974 53.202 54.2462 55.1452 
57.7301 59.5782 61.1014 62.3779 63.4642 64.3991 
65.1459 67.0526 68.624 69.9416 71.062 72.0265 
71.3633 73.3188 74.9308 76.2821 77.4311 78.4205 
76.6511 78.6485 80.2943 81.6744 82.8482 83.8586 
81.2027 83.2358 84.9116 86.3166 87.5114 88.5404 

43.9175 46.1587 48.0056 49.5543 50.8714 52.0051 
52.7229 55.0536 56.9745 58.5849 59.9547 61.1337 
59.9801 62.3849 64.3666 66.0277 67.441 68.6574 
66.0648 68.5309 70.5638 72.2679 73.7175 74.9651 
71.2394 73.7582 75.8344 77.5749 79.0553 80.3293 
75.694 78.2592 80.3714 82.1432 83.6499 84.9472 

39.1026 41.808 44.0375 45.9067 47.4964 48.865 
47.7157 50.5297 52.8477 54.7916 56.445 57.8681 
54.8145 57.7169 60.1088 62.1145 63.8201 65.2883 
60.7665 63.7432 66.1968 68.2537 70.0033 71.5093 
65.8275 68.8682 71.3743 73.4751 75.2621 76.8002 
70.1848 73.2803 75.8313 77.9709 79.7889 81.3545 

34.2878 37.4572 40.0692 42.2591 44.1216 45.7249 
42.7087 46.0045 48.721 50.9985 52.9351 54.6025 
49.6489 53.0492 55.8515 58.201 60.199 61.9191 
55.4676 58.9554 61.8297 64.2398 66.2894 68.0536 
60.4163 63.9782 66.9139 69.3755 71.4688 73.2708 
64.6759 68.3022 71.2909 73.7965 75.9275 77.7629 

29.4731 33.1064 36.1009 38.6115 40.7466 42.5847 
37.7015 41.4799 44.5941 47.2049 49.4253 51.3371 
44.483 48.3813 51.5941 54.2876 56.5783 58.5503 
50.169 54.1673 57.4629 60.2256 62.5753 64.5981 
55.0041 59.0881 62.454 65.2754 67.6753 69.7417 
59.167 63.3242 66.7503 69.6228 72.0663 74.1691 

24.6583 28.7559 32.1326 34.9639 37.3718 39.4446 
32.6944 36.9554 40.4672 43.4117 45.9158 48.0714 
39.3176 43.7133 47.3367 50.3742 52.9576 55.1815 
44.8702 49.3796 53.0957 56.2115 58.8615 61.1424 
49.5925 54.1978 57.9938 61.1762 63.8823 66.2119 
53.6579 58.3463 62.2102 65.4495 68.2045 70.5767 

19.8434 24.405 28.1646 31.3164 33.9968 36.3044 
27.6873 32.4311 36.3405 39.6183 42.4061 44.8059 
34.1519 39.0458 43.0791 46.461 49.3368 51.8126 
39.5717 44.5916 48.7286 52.1973 55.1474 57.687 
44.181 49.3076 53.5332 57.0762 60.0891 62.6828 
48.149 53.368 57.6698 61.2762 64.343 66.9833 

15.0287 20.0542 24.1963 27.6689 30.6221 33.1644 
22.6801 27.9065 32.2139 35.8252 38.8964 41.5402 
28.9862 34.378 38.8218 42.5473 45.7159 48.4437 
34.2731 39.8033 44.3619 48.1831 51.4334 54.2312 
38.7695 44.4179 49.0732 52.9766 56.2958 59.1534 
42.6398 48.3902 53.1292 57.1026 60.4818 63.3907 

10.2139 15.7036 20.228 24.0213 27.2474 30.0245 
17.6729 23.3819 28.0871 32.0319 35.3868 38.2748 
23.8205 29.7103 34.5644 38.6341 42.0949 45.0746 
28.9744 35.0157 39.9948 44.1693 47.7192 50.7757 
33.3577 39.528 44.6131 48.8614 52.5024 55.6239 
37.1312 43.4122 48.5889 52.9289 56.6205 59.798 

5.39911 11.3529 16.2598 20.3737 23.8724 26.8844 
12.6657 18.8573 23.9603 28.2386 31.8772 35.0088 
18.6547 25.0424 30.307 34.7207 38.4744 41.7055 
23.6758 30.2278 35.6278 40.1552 44.0055 47.3197 
27.946 34.6378 40.1531 44.7768 48.7092 52.0945 
31.6222 38.4344 44.0486 48.7556 52.7586 56.2051 

0.584292 7.00214 12.2916 16.7261 20.4976 23.7443 
7.65857 14.3328 19.8335 24.4453 28.3674 31.7439 
13.489 20.3746 26.0495 30.8073 34.8535 38.3369 
18.3771 25.4399 31.2608 36.1412 40.2916 43.8643 
22.5344 29.7477 35.6929 40.6773 44.9156 48.5652 
26.1132 33.4563 39.5082 44.5822 48.897 52.612 

-4.23052 2.65141 8.32333 13.0786 17.1227 20.6041 
2.6514 9.80827 15.7067 20.652 24.8577 28.4783 
8.32332 15.7067 21.792 26.8939 31.2328 34.968 
13.0786 20.652 26.8939 32.1269 36.5776 40.409 
17.1227 24.8577 31.2328 36.5775 41.1229 45.0354 
20.6043 28.4784 34.9679 40.4087 45.0359 49.0191 
