///Total count: 61040162
///underflow: 0 0
///overflow: 0 0
///y bin walls:  -7.5 -7 -6.5 -6 -5.5 -5 -4.5 -4 -3.5 -3 -2.5 -2 -1.5 -1 -0.5 0 0.5 1 1.5 2 2.5 3 3.5 4 4.5 5 5.5 6 6.5 7 7.5 
2.72832 3.83782 0 0.000114126 0.0219086 0.22544 0.789008 1.66377 2.71759 3.91126 5.24364 6.67724 8.13984 9.5151 10.6858 11.5538 12.0113 12.0082 11.5705 10.6932 9.52085 8.13879 6.67223 5.23392 3.9153 2.71884 1.66023 0.788971 0.226361 0.0215809 0.000114126 0 
3.83782 5.3985 0 0 0.000324532 0.0168547 0.111061 0.318761 0.610622 0.945406 1.32447 1.71289 2.11914 2.5044 2.84093 3.0821 3.20679 3.20977 3.07961 2.84116 2.50408 2.11881 1.7162 1.32057 0.948458 0.61324 0.320117 0.110867 0.0161245 0.000329766 0 0 
5.3985 7.59385 0 0 0 0.000472586 0.00973824 0.0472976 0.115813 0.203346 0.302648 0.406351 0.511773 0.612934 0.701317 0.766154 0.801328 0.799155 0.764357 0.700597 0.612359 0.512506 0.406303 0.30166 0.204553 0.11564 0.0468064 0.00978103 0.000452119 0 0 0 
7.59385 10.682 0 0 0 0 0.000416647 0.00488866 0.0176883 0.0386794 0.062874 0.0885779 0.115422 0.140549 0.161869 0.178633 0.186678 0.18711 0.178498 0.16202 0.141128 0.115134 0.0890144 0.0631571 0.0383937 0.0175693 0.0047921 0.000358449 1.32269e-06 0 0 0 
10.682 15.0259 0 0 0 0 6.58214e-06 0.000284913 0.00198122 0.00610822 0.0116955 0.017958 0.0246191 0.0303493 0.0352521 0.0394853 0.0414111 0.0413622 0.0390048 0.0354335 0.0301913 0.0243549 0.0180285 0.0116288 0.00614208 0.00204234 0.000285853 1.88061e-06 0 0 0 0 
15.0259 21.1363 0 0 0 0 0 6.0162e-06 0.000139041 0.000719939 0.00193521 0.0033049 0.00477152 0.00605765 0.00741865 0.00816666 0.00875759 0.00862256 0.00816198 0.00742934 0.00613185 0.00484438 0.0033664 0.00186837 0.000797481 0.000158427 6.68467e-06 0 0 0 0 0 
21.1363 29.7316 0 0 0 0 0 0 6.65303e-06 8.17372e-05 0.000239034 0.000566933 0.000902911 0.00120325 0.00143468 0.00161478 0.00174737 0.00175212 0.00162524 0.00143563 0.00117378 0.000887704 0.000527015 0.000234757 5.9402e-05 7.60346e-06 0 0 0 0 0 0 
29.7316 41.8222 0 0 0 0 0 0 0 3.71616e-06 2.4324e-05 8.17556e-05 0.000152363 0.000198646 0.000272969 0.000328036 0.000353373 0.000328374 0.000308442 0.000259794 0.000195605 0.00013716 7.12828e-05 2.29727e-05 5.74316e-06 0 0 0 0 0 0 0 
41.8222 58.8296 0 0 0 0 0 0 0 0 2.882e-06 7.20501e-06 1.82527e-05 4.37104e-05 4.53916e-05 5.73999e-05 5.95614e-05 5.93212e-05 5.57187e-05 4.20292e-05 3.36234e-05 2.42569e-05 6.72468e-06 9.60668e-07 0 0 0 0 0 0 0 0 
58.8296 82.7532 0 0 0 0 0 0 0 0 0 5.12207e-07 2.21956e-06 6.14649e-06 6.31722e-06 1.02441e-05 1.10978e-05 8.53679e-06 8.70752e-06 8.87826e-06 6.65869e-06 2.73177e-06 3.41471e-07 0 0 0 0 0 0 0 0 0 
82.7532 116.406 0 0 0 0 0 0 0 0 0 0 1.21377e-07 3.6413e-07 8.49637e-07 2.79167e-06 1.82065e-06 1.21377e-06 2.0634e-06 9.71014e-07 3.6413e-07 3.6413e-07 0 0 0 0 0 0 0 0 0 0 
116.406 163.743 0 0 0 0 0 0 0 0 0 0 8.62872e-08 8.62872e-08 3.45149e-07 1.72574e-07 3.45149e-07 1.72574e-07 0 0 0 0 0 0 0 0 0 0 0 0 0 0 
163.743 230.33 0 0 0 0 0 0 0 0 0 0 0 0 0 0 0 0 6.1342e-08 0 0 0 0 0 0 0 0 0 0 0 0 0 
230.33 323.996 0 0 0 0 0 0 0 0 0 0 0 0 0 0 0 0 4.36083e-08 0 0 0 0 0 0 0 0 0 0 0 0 0 
323.996 455.753 0 0 0 0 0 0 0 0 0 0 0 0 0 0 0 0 0 0 0 0 0 0 0 0 0 0 0 0 0 0 
455.753 641.089 0 0 0 0 0 0 0 0 0 0 0 0 0 0 0 0 0 0 0 0 0 0 0 0 0 0 0 0 0 0 
641.089 901.793 0 0 0 0 0 0 0 0 0 0 0 0 0 0 0 0 0 0 0 0 0 0 0 0 0 0 0 0 0 0 
901.793 1268.52 0 0 0 0 0 0 0 0 0 0 0 0 0 0 0 0 0 0 0 0 0 0 0 0 0 0 0 0 0 0 
1268.52 1784.37 0 0 0 0 0 0 0 0 0 0 0 0 0 0 0 0 0 0 0 0 0 0 0 0 0 0 0 0 0 0 
1784.37 2510 0 0 0 0 0 0 0 0 0 0 0 0 0 0 0 0 0 0 0 0 0 0 0 0 0 0 0 0 0 0 
