///Total count: 708166
///underflow: 0 0
///overflow: 0 0
///y bin walls:  -7.5175 -6.51517 -5.51283 -4.5105 -3.50817 -2.50583 -1.5035 -0.501167 0.501167 1.5035 2.50583 3.50817 4.5105 5.51283 6.51517 7.5175 
2.72832 3.83782 0.172223 2.382 5.55895 8.88533 12.7426 15.9788 17.9049 18.7632 17.9939 15.8392 12.7762 8.93662 5.54945 2.3744 0.180138 
3.83782 5.3985 0.0060767 0.361001 1.29096 2.21507 3.33904 4.25999 4.85416 5.12379 4.86789 4.22803 3.24924 2.22385 1.22322 0.362802 0.0060767 
5.3985 7.59385 0 0.0388796 0.256317 0.501435 0.771192 1.02911 1.22383 1.28431 1.20543 1.02639 0.789111 0.491835 0.239997 0.0374396 0 
7.59385 10.682 0 0.00204738 0.0375353 0.107715 0.171866 0.228169 0.280378 0.29869 0.278785 0.236245 0.165497 0.101232 0.0416301 0.00136492 0 
10.682 15.0259 0 0.000161721 0.00501336 0.0194066 0.0357404 0.0502145 0.0649311 0.0702679 0.0657397 0.0461715 0.0347701 0.0190831 0.00517508 8.08607e-05 0 
15.0259 21.1363 0 0 0.000632326 0.00350654 0.00707056 0.00902502 0.0132789 0.0137962 0.0130489 0.00925496 0.00643823 0.0032766 0.000229937 0 0 
21.1363 29.7316 0 0 0 0.000653852 0.00077645 0.00204329 0.00281974 0.00269714 0.00228848 0.00187983 0.00110338 0.000531255 0 0 0 
29.7316 41.8222 0 0 0 5.81033e-05 0.000116207 0.00034862 0.00034862 0.000551981 0.00052293 0.000377671 5.81033e-05 5.81033e-05 0 0 0 
41.8222 58.8296 0 0 0 0 2.06529e-05 0 6.19588e-05 8.26117e-05 6.19588e-05 0.000103265 0 0 0 0 0 
58.8296 82.7532 0 0 0 0 0 2.93645e-05 5.8729e-05 1.46823e-05 1.46823e-05 1.46823e-05 1.46823e-05 0 0 0 0 
82.7532 116.406 0 0 0 0 0 0 1.04377e-05 2.08754e-05 0 0 1.04377e-05 0 0 0 0 
116.406 163.743 0 0 0 0 0 0 0 0 0 0 0 0 0 0 0 
163.743 230.33 0 0 0 0 0 0 0 0 0 0 0 0 0 0 0 
230.33 323.996 0 0 0 0 0 0 0 0 0 0 0 0 0 0 0 
323.996 455.753 0 0 0 0 0 0 0 0 0 0 0 0 0 0 0 
455.753 641.089 0 0 0 0 0 0 0 0 0 0 0 0 0 0 0 
641.089 901.793 0 0 0 0 0 0 0 0 0 0 0 0 0 0 0 
901.793 1268.52 0 0 0 0 0 0 0 0 0 0 0 0 0 0 0 
1268.52 1784.37 0 0 0 0 0 0 0 0 0 0 0 0 0 0 0 
1784.37 2510 0 0 0 0 0 0 0 0 0 0 0 0 0 0 0 
