///Total count: 47743399
///underflow: 0 0
///overflow: 0 0
///y bin walls:  -7.5 -7 -6.5 -6 -5.5 -5 -4.5 -4 -3.5 -3 -2.5 -2 -1.5 -1 -0.5 0 0.5 1 1.5 2 2.5 3 3.5 4 4.5 5 5.5 6 6.5 7 7.5 
2.72832 3.83782 0 8.49613e-05 0.0140009 0.15435 0.574303 1.26388 2.11384 3.06209 4.06399 5.0631 5.97454 6.77047 7.42414 7.88864 8.11474 8.13006 7.8834 7.42493 6.7697 5.97194 5.05644 4.05826 3.05681 2.11109 1.26242 0.577302 0.155083 0.0135195 9.20414e-05 0 
3.83782 5.3985 0 0 0.000241597 0.0114583 0.0814812 0.248498 0.492489 0.78576 1.09622 1.41711 1.71822 1.98969 2.19779 2.34955 2.43207 2.43719 2.35477 2.20653 1.99014 1.721 1.41119 1.09918 0.784673 0.495577 0.248725 0.0814007 0.0111965 0.000249147 0 0 
5.3985 7.59385 0 0 0 0.000329193 0.00726192 0.0365601 0.0949577 0.173556 0.264614 0.356392 0.449155 0.528563 0.595379 0.645443 0.668332 0.666087 0.642566 0.593446 0.529497 0.447711 0.357437 0.263789 0.173449 0.0947806 0.0363758 0.00715278 0.000311302 0 0 0 
7.59385 10.682 0 0 0 0 0.000317968 0.00373421 0.0147919 0.0328613 0.0561633 0.0817941 0.1064 0.128863 0.148619 0.162419 0.16805 0.168604 0.161663 0.148466 0.130078 0.106035 0.0815499 0.0560641 0.0333103 0.0145349 0.00375456 0.000316696 2.54374e-06 0 0 0 
10.682 15.0259 0 0 0 0 3.61672e-06 0.000198919 0.00167092 0.00531567 0.0107028 0.0169778 0.023383 0.0294717 0.0344583 0.0385072 0.0397902 0.0400018 0.0382061 0.0346373 0.0295305 0.0233495 0.0169524 0.0106621 0.00535003 0.00165465 0.000226045 6.32925e-06 0 0 0 0 
15.0259 21.1363 0 0 0 0 0 6.42785e-06 0.000109916 0.000670424 0.00177023 0.0031715 0.00471804 0.00627486 0.00744923 0.00849825 0.00901184 0.00899448 0.00852654 0.00752058 0.00622794 0.00476818 0.00308794 0.00171109 0.00068328 0.000115701 1.02846e-05 0 0 0 0 0 
21.1363 29.7316 0 0 0 0 0 0 3.65567e-06 6.16894e-05 0.000215227 0.000521846 0.000872333 0.00122785 0.00160255 0.00182235 0.00196172 0.00182555 0.00177528 0.00156782 0.001274 0.000883757 0.000521846 0.000214313 5.71198e-05 2.28479e-06 0 0 0 0 0 0 
29.7316 41.8222 0 0 0 0 0 0 0 6.49707e-07 2.27397e-05 7.14678e-05 0.000135789 0.000220576 0.000294642 0.000338173 0.000396971 0.000382677 0.000359288 0.000304063 0.000223499 0.000139687 6.72447e-05 2.07906e-05 2.27397e-06 0 0 0 0 0 0 0 
41.8222 58.8296 0 0 0 0 0 0 0 0 2.07846e-06 9.69947e-06 1.96299e-05 3.53338e-05 5.88896e-05 6.9051e-05 7.11294e-05 6.99747e-05 6.78963e-05 5.63493e-05 3.57957e-05 2.33249e-05 9.46853e-06 4.61879e-07 0 0 0 0 0 0 0 0 
58.8296 82.7532 0 0 0 0 0 0 0 0 1.64176e-07 3.28352e-07 2.46264e-06 6.23869e-06 6.56704e-06 1.18207e-05 1.26416e-05 1.494e-05 1.14923e-05 1.00147e-05 5.74616e-06 3.61187e-06 8.2088e-07 3.28352e-07 0 0 0 0 0 0 0 0 
82.7532 116.406 0 0 0 0 0 0 0 0 0 0 0 7.00281e-07 5.83567e-07 1.7507e-06 2.21756e-06 1.51727e-06 1.98413e-06 1.51727e-06 8.16994e-07 2.33427e-07 0 0 0 0 0 0 0 0 0 0 
116.406 163.743 0 0 0 0 0 0 0 0 0 0 0 0 0 5.80805e-07 1.65944e-07 4.1486e-07 2.48916e-07 1.65944e-07 0 0 0 0 0 0 0 0 0 0 0 0 
163.743 230.33 0 0 0 0 0 0 0 0 0 0 0 0 1.1797e-07 0 5.89852e-08 5.89852e-08 0 0 0 0 0 0 0 0 0 0 0 0 0 0 
230.33 323.996 0 0 0 0 0 0 0 0 0 0 0 0 0 0 4.19328e-08 0 0 0 0 0 0 0 0 0 0 0 0 0 0 0 
323.996 455.753 0 0 0 0 0 0 0 0 0 0 0 0 0 0 0 0 0 0 0 0 0 0 0 0 0 0 0 0 0 0 
455.753 641.089 0 0 0 0 0 0 0 0 0 0 0 0 0 0 0 0 0 0 0 0 0 0 0 0 0 0 0 0 0 0 
641.089 901.793 0 0 0 0 0 0 0 0 0 0 0 0 0 0 0 0 0 0 0 0 0 0 0 0 0 0 0 0 0 0 
901.793 1268.52 0 0 0 0 0 0 0 0 0 0 0 0 0 0 0 0 0 0 0 0 0 0 0 0 0 0 0 0 0 0 
1268.52 1784.37 0 0 0 0 0 0 0 0 0 0 0 0 0 0 0 0 0 0 0 0 0 0 0 0 0 0 0 0 0 0 
1784.37 2510 0 0 0 0 0 0 0 0 0 0 0 0 0 0 0 0 0 0 0 0 0 0 0 0 0 0 0 0 0 0 
