///Total count: 909918
///underflow: 0 0
///overflow: 0 0
///y bin walls:  -7.5 -7.375 -7.25 -7.125 -7 -6.875 -6.75 -6.625 -6.5 -6.375 -6.25 -6.125 -6 -5.875 -5.75 -5.625 -5.5 -5.375 -5.25 -5.125 -5 -4.875 -4.75 -4.625 -4.5 -4.375 -4.25 -4.125 -4 -3.875 -3.75 -3.625 -3.5 -3.375 -3.25 -3.125 -3 -2.875 -2.75 -2.625 -2.5 -2.375 -2.25 -2.125 -2 -1.875 -1.75 -1.625 -1.5 -1.375 -1.25 -1.125 -1 -0.875 -0.75 -0.625 -0.5 -0.375 -0.25 -0.125 0 0.125 0.25 0.375 0.5 0.625 0.75 0.875 1 1.125 1.25 1.375 1.5 1.625 1.75 1.875 2 2.125 2.25 2.375 2.5 2.625 2.75 2.875 3 3.125 3.25 3.375 3.5 3.625 3.75 3.875 4 4.125 4.25 4.375 4.5 4.625 4.75 4.875 5 5.125 5.25 5.375 5.5 5.625 5.75 5.875 6 6.125 6.25 6.375 6.5 6.625 6.75 6.875 7 7.125 7.25 7.375 7.5 
2.72832 3.83782 0 0 0 0 0 0 0 0 0 0 0 0.00148597 0.00222896 0 0.00965883 0.0215466 0.0312054 0.0453222 0.0861865 0.130023 0.179803 0.240728 0.321713 0.409386 0.520834 0.633025 0.781622 0.911645 1.10705 1.24153 1.4622 1.67321 1.95034 2.17175 2.41619 2.65543 2.99126 3.22456 3.51284 3.86502 3.98538 4.27812 4.51736 4.80044 5.09689 5.37922 5.61549 5.96173 6.14599 6.41495 6.6423 7.01082 7.30579 7.43061 7.62007 7.681 7.94104 7.99899 7.96259 7.88903 8.16765 8.12456 7.93733 7.8764 7.66911 7.55469 7.51828 7.10741 6.88303 6.62596 6.40752 6.12072 5.92458 5.66007 5.23434 5.23731 4.77295 4.53148 4.29521 3.99875 3.81226 3.48981 3.20673 2.9504 2.71042 2.33001 2.19107 2.00829 1.75345 1.47706 1.24376 1.08179 0.907187 0.77865 0.615193 0.540894 0.37075 0.311311 0.211008 0.161228 0.104761 0.0668688 0.05721 0.0378923 0.0267475 0.00891584 0.00297195 0.00222896 0 0 0 0 0 0 0 0 0 0 0 0 
3.83782 5.3985 0 0 0 0 0 0 0 0 0 0 0 0.000528192 0.00105638 0.00105638 0.00264096 0.00422554 0.0126766 0.0232405 0.0406708 0.0591575 0.0718342 0.120956 0.168493 0.21339 0.247194 0.317444 0.403539 0.442625 0.557771 0.623795 0.729434 0.831375 0.952859 1.02839 1.16942 1.27928 1.37858 1.51169 1.59144 1.80272 1.8941 1.94216 2.09798 2.20732 2.38584 2.45081 2.51525 2.70382 2.74713 2.83005 2.90823 2.95629 2.979 3.08359 3.22145 3.23676 3.33078 3.33659 3.30332 3.30384 3.3424 3.33923 3.33976 3.29117 3.2806 3.18447 3.20454 3.05771 3.03869 2.89291 2.85277 2.71597 2.68744 2.55011 2.45821 2.30345 2.16876 2.08478 1.9559 1.91206 1.74673 1.61944 1.54074 1.4314 1.24865 1.16783 1.02681 0.912188 0.80655 0.733659 0.62538 0.558828 0.460584 0.403011 0.323782 0.25723 0.180642 0.143668 0.123069 0.0876799 0.0639113 0.0306352 0.0221841 0.013733 0.00528192 0.00369735 0.000528192 0.000528192 0 0 0 0 0 0 0 0 0 0 0 0 
5.3985 7.59385 0 0 0 0 0 0 0 0 0 0 0 0 0 0 0 0.00112648 0.00112648 0.00150198 0.00563241 0.00713439 0.0191502 0.0161462 0.0371739 0.0499407 0.0683399 0.0874901 0.11002 0.134427 0.156957 0.184368 0.220791 0.253083 0.297767 0.338696 0.368735 0.392391 0.465988 0.503913 0.547471 0.583142 0.636838 0.717945 0.736344 0.764131 0.814071 0.839229 0.920712 0.922214 0.979664 0.955257 1.0052 1.05101 1.07579 1.07842 1.11146 1.16741 1.16478 1.15464 1.16253 1.14188 1.13362 1.16441 1.19557 1.12798 1.16741 1.11409 1.10057 1.07992 1.05777 1.02773 0.981542 0.946245 0.929724 0.893676 0.823459 0.784032 0.76338 0.750237 0.671384 0.63421 0.586522 0.563241 0.515929 0.460731 0.404783 0.370613 0.328557 0.285376 0.254585 0.220791 0.179486 0.150573 0.128419 0.101759 0.0822332 0.0597036 0.0503162 0.029664 0.0221542 0.0146443 0.0067589 0.00450593 0.00262846 0.000750988 0 0 0 0 0 0 0 0 0 0 0 0 0 0 0 0 
7.59385 10.682 0 0 0 0 0 0 0 0 0 0 0 0 0 0 0 0 0 0 0 0.00106776 0.00186858 0.00186858 0.00400411 0.00373717 0.00854209 0.0130801 0.0189528 0.0304312 0.0285626 0.0365708 0.0557905 0.0531211 0.0651335 0.0875564 0.0878234 0.108645 0.125729 0.127331 0.150821 0.168706 0.179651 0.197269 0.201273 0.219692 0.243183 0.254928 0.283758 0.281088 0.298439 0.29577 0.293101 0.31846 0.328604 0.331273 0.34809 0.360903 0.34809 0.359035 0.356365 0.365708 0.337146 0.347023 0.36037 0.343819 0.349425 0.323265 0.353963 0.318994 0.315257 0.318193 0.303778 0.290698 0.264805 0.24425 0.253059 0.241581 0.225832 0.209014 0.198604 0.195133 0.167906 0.150287 0.127864 0.119856 0.108912 0.0878234 0.0811499 0.0611294 0.0595277 0.0515195 0.0419096 0.0301643 0.026694 0.0194866 0.0144148 0.0122793 0.00507187 0.00347023 0.00373717 0.000800821 0.000800821 0.00026694 0 0 0 0 0 0 0 0 0 0 0 0 0 0 0 0 0 0 
10.682 15.0259 0 0 0 0 0 0 0 0 0 0 0 0 0 0 0 0 0 0 0 0 0 0 0.000379538 0.000759076 0.000569307 0.00113861 0.00227723 0.00474423 0.00265677 0.00626238 0.00759076 0.00834984 0.0138531 0.0203053 0.0191667 0.0227723 0.0307426 0.0256188 0.0358664 0.037764 0.0442162 0.0502888 0.0542739 0.0510479 0.0612954 0.0677476 0.0683169 0.0770462 0.0806518 0.0800825 0.0793235 0.0943152 0.0831188 0.0960231 0.0943152 0.0872938 0.100198 0.0943152 0.0986799 0.0950743 0.104942 0.0916585 0.100578 0.0893812 0.0979208 0.101906 0.0897608 0.0867245 0.0840677 0.0901403 0.0741997 0.0726815 0.0667987 0.072302 0.0622442 0.0650908 0.0531353 0.0531353 0.04934 0.0445957 0.035297 0.039472 0.0305528 0.029604 0.0242904 0.0250495 0.0170792 0.0149918 0.0115759 0.00816007 0.0055033 0.00569307 0.00360561 0.00227723 0.00170792 0.000759076 0.00132838 0.000379538 0 0 0 0 0 0 0 0 0 0 0 0 0 0 0 0 0 0 0 0 0 0 
15.0259 21.1363 0 0 0 0 0 0 0 0 0 0 0 0 0 0 0 0 0 0 0 0 0 0 0 0 0 0.000134908 0.000134908 0.000269815 0.000404723 0.00053963 0.00134908 0.00148398 0.00269815 0.00188871 0.00269815 0.00485667 0.00512649 0.00499158 0.00620575 0.00741992 0.0118719 0.0114671 0.0107926 0.01457 0.0152446 0.0151097 0.0167285 0.0161889 0.0178078 0.0188871 0.0215852 0.0242834 0.023339 0.0207758 0.0206409 0.0268466 0.0222598 0.0234739 0.0294099 0.0242834 0.023339 0.0252277 0.0238786 0.0225296 0.0260372 0.0269815 0.0232041 0.0213154 0.0214503 0.0194267 0.0192918 0.0209107 0.0153795 0.0211805 0.0152446 0.0133559 0.0159191 0.0132209 0.0118719 0.0111973 0.00741992 0.0071501 0.00755483 0.00634066 0.0035076 0.00377741 0.00323778 0.00161889 0.00148398 0.000944353 0.000809446 0.000269815 0.000269815 0.000269815 0 0 0 0 0 0 0 0 0 0 0 0 0 0 0 0 0 0 0 0 0 0 0 0 0 0 
21.1363 29.7316 0 0 0 0 0 0 0 0 0 0 0 0 0 0 0 0 0 0 0 0 0 0 0 0 0 0 0 0 0 0 0 0 9.59064e-05 0.000575438 0.000287719 0.000575438 0.000959064 0.00105497 0.00124678 0.00134269 0.00249357 0.00258947 0.0014386 0.00335672 0.00316491 0.003069 0.0029731 0.00393216 0.00431579 0.00326082 0.00537076 0.00517895 0.0045076 0.00632982 0.00700117 0.0060421 0.00585029 0.00537076 0.0074807 0.00575438 0.00537076 0.00671345 0.00642573 0.00537076 0.00613801 0.00556257 0.00508304 0.00393216 0.00517895 0.00412397 0.00383626 0.00479532 0.00431579 0.003069 0.003069 0.00249357 0.00182222 0.00239766 0.00115088 0.00249357 0.00105497 0.00105497 0.000767251 0.00105497 0.000671345 0.000767251 0.000575438 0.000287719 0 0.000191813 0 0 0 0 0 0 0 0 0 0 0 0 0 0 0 0 0 0 0 0 0 0 0 0 0 0 0 0 0 0 
29.7316 41.8222 0 0 0 0 0 0 0 0 0 0 0 0 0 0 0 0 0 0 0 0 0 0 0 0 0 0 0 0 0 0 0 0 0 6.81803e-05 6.81803e-05 0 0 0 0.000340901 6.81803e-05 0.000340901 0.000340901 0.000204541 0.000545442 0.000477262 0.000818163 0.000749983 0.000613622 0.000886343 0.000954524 0.000818163 0.000749983 0.00109088 0.00143179 0.0010227 0.00163633 0.00109088 0.000954524 0.00163633 0.00115906 0.000886343 0.00115906 0.00143179 0.00149997 0.00156815 0.0010227 0.00115906 0.0010227 0.000954524 0.000545442 0.000886343 0.000886343 0.000613622 0.000272721 0.000477262 0.000340901 0.000613622 0.000340901 0.000545442 0.000272721 0.000136361 6.81803e-05 0.000204541 6.81803e-05 0 6.81803e-05 6.81803e-05 0 6.81803e-05 0 0 0 0 0 0 0 0 0 0 0 0 0 0 0 0 0 0 0 0 0 0 0 0 0 0 0 0 0 0 0 
41.8222 58.8296 0 0 0 0 0 0 0 0 0 0 0 0 0 0 0 0 0 0 0 0 0 0 0 0 0 0 0 0 0 0 0 0 0 0 0 0 0 9.69393e-05 0 0 0 0 0 0 9.69393e-05 9.69393e-05 4.84696e-05 9.69393e-05 0 9.69393e-05 0 0.000193879 0.000193879 0.000242348 0.000290818 4.84696e-05 0.000193879 0.000290818 0.000290818 0.000193879 0.000339287 0.000145409 0.000145409 0.000193879 0.000193879 0.000145409 4.84696e-05 0.000193879 0.000193879 0.000242348 0.000145409 0.000145409 4.84696e-05 0.000193879 4.84696e-05 4.84696e-05 9.69393e-05 4.84696e-05 0 4.84696e-05 4.84696e-05 0 0 4.84696e-05 4.84696e-05 0 0 0 0 0 0 0 0 0 0 0 0 0 0 0 0 0 0 0 0 0 0 0 0 0 0 0 0 0 0 0 0 0 0 0 
58.8296 82.7532 0 0 0 0 0 0 0 0 0 0 0 0 0 0 0 0 0 0 0 0 0 0 0 0 0 0 0 0 0 0 0 0 0 0 0 0 0 0 0 0 0 3.44573e-05 0 0 3.44573e-05 0 3.44573e-05 3.44573e-05 3.44573e-05 6.89145e-05 0 0.000103372 3.44573e-05 0 0.000103372 0 6.89145e-05 0.000103372 6.89145e-05 3.44573e-05 0.000103372 3.44573e-05 3.44573e-05 6.89145e-05 6.89145e-05 3.44573e-05 3.44573e-05 0 0 3.44573e-05 6.89145e-05 3.44573e-05 0 0 3.44573e-05 0 0 3.44573e-05 0 0 0 0 0 0 0 0 0 0 0 0 0 0 0 0 0 0 0 0 0 0 0 0 0 0 0 0 0 0 0 0 0 0 0 0 0 0 0 0 0 0 
82.7532 116.406 0 0 0 0 0 0 0 0 0 0 0 0 0 0 0 0 0 0 0 0 0 0 0 0 0 0 0 0 0 0 0 0 0 0 0 0 0 0 0 0 0 0 0 0 0 0 0 0 0 0 0 0 0 2.44958e-05 0 0 0 2.44958e-05 0 0 4.89916e-05 0 0 0 0 2.44958e-05 0 0 0 0 0 0 0 0 0 2.44958e-05 0 0 0 0 0 0 0 0 0 0 0 0 0 0 0 0 0 0 0 0 0 0 0 0 0 0 0 0 0 0 0 0 0 0 0 0 0 0 0 0 0 0 0 0 
116.406 163.743 0 0 0 0 0 0 0 0 0 0 0 0 0 0 0 0 0 0 0 0 0 0 0 0 0 0 0 0 0 0 0 0 0 0 0 0 0 0 0 0 0 0 0 0 0 0 0 0 0 0 0 0 0 0 0 0 0 1.74142e-05 0 0 0 0 0 0 0 0 0 0 0 0 0 0 0 0 0 0 0 0 0 0 0 0 0 0 0 0 0 0 0 0 0 0 0 0 0 0 0 0 0 0 0 0 0 0 0 0 0 0 0 0 0 0 0 0 0 0 0 0 0 0 
163.743 230.33 0 0 0 0 0 0 0 0 0 0 0 0 0 0 0 0 0 0 0 0 0 0 0 0 0 0 0 0 0 0 0 0 0 0 0 0 0 0 0 0 0 0 0 0 0 0 0 0 0 0 0 0 0 0 0 0 0 0 0 0 0 0 0 0 0 0 0 0 0 0 0 0 0 0 0 0 0 0 0 0 0 0 0 0 0 0 0 0 0 0 0 0 0 0 0 0 0 0 0 0 0 0 0 0 0 0 0 0 0 0 0 0 0 0 0 0 0 0 0 0 
230.33 323.996 0 0 0 0 0 0 0 0 0 0 0 0 0 0 0 0 0 0 0 0 0 0 0 0 0 0 0 0 0 0 0 0 0 0 0 0 0 0 0 0 0 0 0 0 0 0 0 0 0 0 0 0 0 0 0 0 0 0 0 0 0 0 0 0 0 0 0 0 0 0 0 0 0 0 0 0 0 0 0 0 0 0 0 0 0 0 0 0 0 0 0 0 0 0 0 0 0 0 0 0 0 0 0 0 0 0 0 0 0 0 0 0 0 0 0 0 0 0 0 0 
323.996 455.753 0 0 0 0 0 0 0 0 0 0 0 0 0 0 0 0 0 0 0 0 0 0 0 0 0 0 0 0 0 0 0 0 0 0 0 0 0 0 0 0 0 0 0 0 0 0 0 0 0 0 0 0 0 0 0 0 0 0 0 0 0 0 0 0 0 0 0 0 0 0 0 0 0 0 0 0 0 0 0 0 0 0 0 0 0 0 0 0 0 0 0 0 0 0 0 0 0 0 0 0 0 0 0 0 0 0 0 0 0 0 0 0 0 0 0 0 0 0 0 0 
455.753 641.089 0 0 0 0 0 0 0 0 0 0 0 0 0 0 0 0 0 0 0 0 0 0 0 0 0 0 0 0 0 0 0 0 0 0 0 0 0 0 0 0 0 0 0 0 0 0 0 0 0 0 0 0 0 0 0 0 0 0 0 0 0 0 0 0 0 0 0 0 0 0 0 0 0 0 0 0 0 0 0 0 0 0 0 0 0 0 0 0 0 0 0 0 0 0 0 0 0 0 0 0 0 0 0 0 0 0 0 0 0 0 0 0 0 0 0 0 0 0 0 0 
641.089 901.793 0 0 0 0 0 0 0 0 0 0 0 0 0 0 0 0 0 0 0 0 0 0 0 0 0 0 0 0 0 0 0 0 0 0 0 0 0 0 0 0 0 0 0 0 0 0 0 0 0 0 0 0 0 0 0 0 0 0 0 0 0 0 0 0 0 0 0 0 0 0 0 0 0 0 0 0 0 0 0 0 0 0 0 0 0 0 0 0 0 0 0 0 0 0 0 0 0 0 0 0 0 0 0 0 0 0 0 0 0 0 0 0 0 0 0 0 0 0 0 0 
901.793 1268.52 0 0 0 0 0 0 0 0 0 0 0 0 0 0 0 0 0 0 0 0 0 0 0 0 0 0 0 0 0 0 0 0 0 0 0 0 0 0 0 0 0 0 0 0 0 0 0 0 0 0 0 0 0 0 0 0 0 0 0 0 0 0 0 0 0 0 0 0 0 0 0 0 0 0 0 0 0 0 0 0 0 0 0 0 0 0 0 0 0 0 0 0 0 0 0 0 0 0 0 0 0 0 0 0 0 0 0 0 0 0 0 0 0 0 0 0 0 0 0 0 
1268.52 1784.37 0 0 0 0 0 0 0 0 0 0 0 0 0 0 0 0 0 0 0 0 0 0 0 0 0 0 0 0 0 0 0 0 0 0 0 0 0 0 0 0 0 0 0 0 0 0 0 0 0 0 0 0 0 0 0 0 0 0 0 0 0 0 0 0 0 0 0 0 0 0 0 0 0 0 0 0 0 0 0 0 0 0 0 0 0 0 0 0 0 0 0 0 0 0 0 0 0 0 0 0 0 0 0 0 0 0 0 0 0 0 0 0 0 0 0 0 0 0 0 0 
1784.37 2510 0 0 0 0 0 0 0 0 0 0 0 0 0 0 0 0 0 0 0 0 0 0 0 0 0 0 0 0 0 0 0 0 0 0 0 0 0 0 0 0 0 0 0 0 0 0 0 0 0 0 0 0 0 0 0 0 0 0 0 0 0 0 0 0 0 0 0 0 0 0 0 0 0 0 0 0 0 0 0 0 0 0 0 0 0 0 0 0 0 0 0 0 0 0 0 0 0 0 0 0 0 0 0 0 0 0 0 0 0 0 0 0 0 0 0 0 0 0 0 0 
